5.4
5.4
5.4
0.1
3.3
4
4.2
3.8
4.1
3.8
4.5
4.5
4.5
4.7
4.3
4.6
5.1
5.3
5.6
5.3
5.6
5.5
6.1
6.2
6.4
6.5
6.5
6.5
7.1
7.4
7.2
7.4
7.3
7.5
7.3
7.8
8.2
8.1
8.1
8.2
8.2
8.3
8.9
9.3
9.8
9.8
9.6
9.6
9.4
10.4
10.5
10.4
10.4
10.1
10.2
10.4
11.3
10.9
10.8
10.8
11.2
10.9
10.9
11
11
12
12.2
11.9
11.4
11.3
11.6
11.6
11.6
11.5
12.3
12.4
12.5
12.2
11.9
11.7
11.8
12.1
12.1
11.8
11.7
11.7
11.5
11.5
11.4
12
13.2
13.4
13.4
13.7
13.3
13.9
13.7
14
14
14.1
14.1
14.4
14.4
14.2
14.4
14.2
14.3
14.6
14.5
14.7
14.6
14.2
14.1
13.8
14.3
14.4
14.4
13.4
13.1
13.2
13.1
13.3
13.3
13.1
13.1
12.8
12.7
12.8
12.8
12.6
12.4
12.5
12.7
12.8
12.9
12.8
13.4
13
13
13
13.1
13.2
11.8
11.8
11.3
11.6
11.3
11.5
11.4
11.4
11.3
11.2
11.4
11.5
11
11.2
11
11.2
11.2
11.2
11.3
10.4
10.3
10.5
10.3
10.6
10.6
10.5
10.9
10.9
10.8
10.7
10.8
11
10.9
11.2
11.1
11.2
10.3
10.2
10.3
10.2
10.3
10.2
10.4
10.4
10.4
10.8
10.7
10.8
10.6
10.7
10.6
10.7
10.7
9.7
9.6
9.4
9.3
9.2
