829.596
-1180.28
-1866.22
-2783.59
-613.438
315.962
656.123
726.57
682.086
596.076
502.056
414.232
337.669
273.263
220.161
176.889
141.875
113.664
90.9941
72.8069
58.2298
46.5526
37.2025
29.7171
23.7246
18.9266
15.0856
12.0105
9.54747
7.57392
5.99278
4.72573
3.7093
-1.61463
8.65429
11.856
11.9088
10.6962
13.6063
1.08831
0.434613
-12.1934
-11.5657
-17.9749
-26.559
-35.1563
-42.8999
-49.5287
-55.0503
-59.5777
-63.2556
-66.2277
-68.6209
-66.0356
-78.5036
-83.4711
-84.9426
-80.3605
-90.6008
-88.9632
-99.5234
-37.3073
-102.055
-113.937
-110.626
-113.847
-119.358
-120.727
-137.088
-141.025
-156.385
-157.994
-166.219
-180.777
-179.628
-184.588
-191.496
-133.352
-211.242
-220.407
-225.417
-228.266
-229.966
-231.037
-231.749
-232.248
-232.612
-228.376
-239.51
-183.148
-244.011
-243.243
-237.494
-247.111
-245.13
-250.984
-259.386
-267.968
-275.763
-221.58
-288.058
-292.649
-296.38
-299.394
-306.328
-297.352
-299.695
-294.055
-285.786
-277.292
-209.176
-262.9
-261.847
-250.865
-237.009
-223.389
-211.226
-200.861
-196.761
-187.809
-161.027
-142.065
-132.638
-111.182
-99.3358
-97.0261
-81.9768
-80.121
-66.9437
-62.8314
-67.2639
-57.8859
-60.706
-51.3389
-50.3094
-57.2255
-49.8431
-49.7553
-52.5942
-56.3198
-60.0266
-3.2243
-61.6892
-74.9777
-80.6422
-87.1985
-76.6714
-77.1482
-65.1933
-61.7364
-62.0244
-68.2901
-59.535
-57.922
-63.836
-55.3848
-54.3075
-60.7954
-52.8761
-52.2617
-59.1384
-51.5386
-55.6927
-51.8572
-45.2083
-38.0983
-27.0062
-32.2139
-31.1442
-27.6706
-19.074
-26.0715
-26.3302
-23.8676
-20.5628
-17.2505
-9.75708
-18.125
-19.7239
-18.4546
-16.1649
-13.696
-11.4014
-9.40518
-7.72796
-1.83739
-11.634
-14.4493
-14.1906
-12.7281
-10.9294
-9.17529
-7.61449
-6.28608
-5.18274
-4.27977
-3.54724
-2.95515
-2.47772
-2.0939
