-605.533
-185.133
2.08127
682.932
288.629
101.795
17.2019
-18.4158
-29.9814
-31.6196
-27.9126
-23.4686
-18.8942
-14.5249
-11.3343
-8.03451
-5.07098
-2.86825
-0.949779
0.0528545
1.39894
2.13785
3.41034
4.04872
4.67967
5.1246
5.40098
5.622
6.39883
6.84035
6.75394
7.04471
7.01732
10.596
8.15786
7.67768
7.69876
7.49859
4.19935
6.65164
4.42847
7.29832
5.78727
5.6162
6.21793
6.57866
6.80726
7.21985
7.38484
8.69462
9.05106
9.16056
9.33068
5.84746
8.34244
9.64867
11.0285
7.4898
9.71847
7.40009
10.4562
7.93514
7.26646
10.7056
8.71316
9.0679
9.22639
5.80995
7.8767
5.75858
9.00984
7.05227
6.60815
10.0338
8.99399
8.57285
8.731
5.39511
7.72607
8.88013
9.68803
10.3664
10.5754
10.3958
10.3685
10.415
10.2466
6.94862
9.14956
10.7794
12.3979
12.7299
9.41386
11.9514
9.18512
9.09518
8.94478
9.58523
10.008
10.5214
10.8897
11.5031
11.7633
11.7761
15.469
13.1234
15.6383
16.6549
16.5205
16.3892
15.8722
15.0627
17.9177
18.3418
18.6011
18.0985
17.4115
15.7594
18.2067
22.1788
19.412
17.8773
20.0092
16.6733
15.0248
17.1567
14.2761
16.3896
13.5183
12.0611
14.6958
12.3823
14.9121
12.405
11.4647
14.3758
12.7048
11.429
11.1988
11.2499
11.5086
11.7943
7.2518
9.6935
10.3441
14.4832
12.1125
14.6862
11.8994
10.7377
10.2021
13.3208
11.2785
10.4566
12.9753
10.8672
9.74033
12.9786
10.698
9.79872
12.9625
9.80361
12.1427
13.1362
12.9924
13.0477
9.38689
11.2271
12.3325
12.4735
8.95426
10.9544
11.8709
12.2925
12.1538
12.3152
8.72992
10.9556
10.9326
11.122
11.2474
11.0647
11.0474
10.8275
10.9186
7.50477
9.71175
11.0651
11.3218
11.504
11.2686
11.2893
11.1004
11.1168
11.0433
9.98131
9.83004
9.5885
9.45466
9.32728
