1.6057
1.6057
1.6057
0
0
0
0
0
0
0
0
0
0
0
0
0
0
0
0
0
0
0
0
0
0
0
0
0
0
0
0
0
0
-0.00872665
-0.00872665
-0.00872665
-0.00872665
-0.00872665
0
0
0.00872665
0.00872665
0.0174533
0.0261799
0.0349066
0.0436332
0.0523599
0.0610865
0.0698132
0.0785398
0.0872665
0.0959931
0.10472
0.122173
0.1309
0.139626
0.148353
0.165806
0.174533
0.191986
0.200713
0.218166
0.235619
0.244346
0.261799
0.279253
0.296706
0.322886
0.340339
0.366519
0.383972
0.410152
0.436332
0.453786
0.479966
0.506145
0.532325
0.567232
0.593412
0.619592
0.645772
0.671952
0.698132
0.724312
0.750492
0.776672
0.802851
0.837758
0.863938
0.890118
0.916298
0.942478
0.977384
1.00356
1.03847
1.07338
1.10828
1.14319
1.1781
1.213
1.24791
1.28282
1.31772
1.35263
1.37881
1.41372
1.4399
1.46608
1.49226
1.51844
1.54462
1.5708
1.58825
1.6057
1.62316
1.64061
1.65806
1.67552
1.68424
1.68424
1.69297
1.7017
1.7017
1.71042
1.71915
1.71915
1.72788
1.72788
1.7366
1.74533
1.74533
1.75406
1.75406
1.76278
1.77151
1.77151
1.78024
1.78896
1.79769
1.80642
1.81514
1.82387
1.84132
1.85005
1.85878
1.85878
1.8675
1.8675
1.87623
1.88496
1.89368
1.89368
1.90241
1.91114
1.91114
1.91986
1.92859
1.92859
1.93732
1.94604
1.94604
1.95477
1.95477
1.95477
1.95477
1.95477
1.9635
1.9635
1.9635
1.9635
1.97222
1.97222
1.97222
1.97222
1.97222
1.97222
1.98095
1.98095
1.98095
1.98095
1.98095
1.98095
1.98095
1.98095
1.98095
1.98968
1.98968
1.98968
1.98968
1.98968
1.98968
1.98968
1.98968
1.98968
1.98968
1.98968
1.98968
1.98968
1.98968
1.98968
