4.3
4.3
0.3
4.3
4.4
4.1
4.1
4.2
4.4
4.8
4.6
4.7
4.7
4.9
4.7
6.1
6
5.8
5.7
6
5.7
6.9
6.6
6.8
6.5
6.7
6.3
7
7.1
7
6.9
6.9
6.7
6.7
7.3
7.2
6.6
6.6
6.9
6.9
6.6
7.8
7.7
8
8.2
8.3
8.3
8.5
9.9
9.9
10
10.3
10.8
10.7
10.9
12.8
13.1
13.4
13.7
13.9
13.9
13.7
13.5
14.7
14.7
14.2
14
13.8
13.4
13.2
12.9
12.6
13.4
12.8
12.5
12.1
11.3
10.7
10.2
9.8
9.7
10.1
11
11.4
11.3
11.7
12
12.3
12.3
12.8
13.3
13.9
13.9
14.1
16.5
16.9
18.1
18.9
18.3
18.4
19
20
20.3
20
20.1
19
19.2
19
18.8
18.6
19
18.6
18.2
17.9
17.3
16.2
16
15.5
14.7
14.5
13.5
13
12.3
11.8
11.7
12.4
12.1
12.6
13.1
13.3
13.7
13.8
14.1
14.8
15.2
15.5
15.8
16.5
16.8
18.1
18.2
18.4
19.6
20.2
20
20.5
21.3
20.9
21
20.9
20.4
20
19.9
19.5
18.8
17.4
17
16.5
16.6
16.3
16
15.8
15.1
14.4
14
13.6
12.2
11.9
12.4
12.3
12.1
12.5
12.3
12.9
13.2
13.6
13.5
13.8
14.1
14.9
15
15.5
16.1
16.4
17
17.1
17.7
18.7
17.7
18.4
18.1
18.1
17.7
17.3
17.2
16.9
16.7
16.4
16.1
15.5
