-37092.2
-11763.9
36833.4
15938.3
5985.4
1405.79
-566.108
-1297.75
-1460.05
-1378.2
-1207.52
-1017.86
-839.778
-683.898
-552.945
-443.32
-355.187
-283.975
-226.532
-179.992
-143.196
-112.267
-88.7587
-69.499
-435.022
-160.796
-34.8352
20.5231
41.1348
45.837
43.7749
39.3034
34.0755
29.3277
25.7666
22.1568
-171.58
-233.274
-45.6818
34.4946
63.5068
70.7421
66.7635
-130.632
-7.66431
-147.108
0.597753
-129.587
21.4505
-110.087
37.3796
-96.3486
-141.051
-146.303
55.5195
133.608
-37.934
-103.523
-120.142
-305.82
-162.474
-89.9534
-52.9556
-32.4863
-22.3157
-17.3015
-204.639
-72.1053
-13.0763
10.8874
18.2289
18.1972
16.2896
12.0622
-182.109
-54.8704
-190.412
-39.0113
-166.234
-13.9534
47.1391
66.017
66.4615
58.8783
-141.656
-20.4086
29.1863
45.2308
-144.258
-208.41
-25.9235
-141.1
-176.423
-175.832
-158.795
-139.523
-119.644
-102.11
-88.4278
-76.4542
-66.1317
-57.2416
-50.5735
144.487
17.7899
-38.31
131.347
-4.77751
128.757
168.8
-22.2151
-99.5717
-123.449
-123.487
-114.356
-102.909
-90.6919
-80.0679
-71.3733
-63.68
-58.2165
-53.4713
-49.9379
-47.0326
145.839
17.8212
-39.02
129.702
-6.71191
126.43
-23.7986
105.526
146.09
147.442
132.584
112.788
-97.1717
16.4483
59.6671
71.5937
-121.898
-189.636
-199.32
4.54524
-295.514
-9.69919
-84.2459
-108.742
-109.828
88.4073
-32.0022
-79.6375
-93.1797
-92.1604
-85.6384
-78.2173
-70.039
-62.9156
-56.3365
138.975
12.1598
147.464
-4.6932
121.73
-31.0465
-92.4043
-302.337
-171.128
-104.233
-70.6235
-53.5594
-44.1997
150.581
213.091
25.6426
135.426
-25.5967
99.9708
139.506
-49.0333
67.4507
107.005
-78.4168
42.6525
86.6804
-95.3092
29.4222
76.6479
86.089
-108.367
11.6741
58.1986
70.1438
257.421
118.144
240.063
76.1988
192.467
30.9519
-37.8741
