50373.9
-71397
-164075
-47585.8
3768.63
23933.5
29606.1
28914.5
25746.4
21904.6
18177.3
14868.7
12058.4
9728.38
7823.53
6279.23
5033.56
4031.92
3228.05
2583.68
2067.54
1654.3
1323.55
1058.87
1363.74
-57.4173
-620.169
-783.284
-770.236
-688.027
-586.376
-487.115
-398.737
-323.551
-261.162
-210.131
89.5799
-244.56
-1057.16
-1276.53
-1236.67
-1097.11
-931.622
-513.989
-998.939
-834.751
-1389.01
-1213.53
-1725.4
-1499.34
-1962.39
-1693.1
-1861.16
-2187.35
-2802.51
-2768.38
-2219.63
-2223.26
-2447.47
-2479.17
-3392.38
-3863.52
-4110.71
-4243.62
-4317.51
-4360.42
-4128.31
-4771.08
-4996.18
-5031.71
-4987.85
-4916.62
-4841.57
-4772.5
-4454.4
-5030.17
-4944.25
-5503.46
-5442.16
-5997.71
-6065.27
-5930.87
-5729.14
-5520.65
-5071.97
-5533.76
-5610.22
-5524.9
-5125.07
-5342.77
-6044.04
-5906.93
-6151.54
-6524.37
-6911.21
-7264.96
-7570.11
-7825.31
-8035
-8205.52
-8284.07
-8454.26
-8543.35
-8873.13
-8304.53
-8136.78
-8404.48
-7857.91
-8001.97
-7704.52
-7001.89
-6910.8
-7073.43
-7321.3
-7578.46
-7813.64
-8016.49
-8186.14
-8325.54
-8438.9
-8470.44
-8604.25
-8663.48
-8710.97
-9007.35
-8411.98
-8222.78
-8473.31
-7912.99
-8046.05
-7481.47
-7655.98
-7405.31
-7009.65
-6595.55
-6215.49
-5628.72
-5979.62
-5967.16
-5810.58
-5353.7
-5525.73
-5932.13
-6649.96
-6200.57
-7192.52
-7134.94
-7264.55
-7480.09
-7966.78
-7551.58
-7520.5
-7646.17
-7821.98
-8000.26
-8161.7
-8300.26
-8415.81
-8510.6
-8845.94
-8282.28
-8377.08
-7764.09
-7890.96
-7339.42
-7214.69
-7153.57
-7983.14
-8406.8
-8625.74
-8740.89
-8803.01
-9096.04
-8748.77
-7921.78
-7947.29
-7349.56
-7523.98
-7286.48
-6649.63
-6878.4
-6727.19
-6180.78
-6492.61
-6413.21
-5926.92
-6288.18
-6248.99
-6053.53
-5556.79
-5950.88
-5958.55
-5751.44
-5874.16
-5053.83
-4923.76
-4121.12
-4091.39
-3412.13
-3244.32
