97.5
98.023
0.523
0.523
0.523
0.523
0.523
0.523
0.523
0.523
0.523
0.523
0.523
0.523
0.523
0.523
0.523
0.523
0.523
0.523
0.523
0.523
0.523
0.523
1.523
1.523
1.523
1.523
1.523
1.523
1.523
1.523
1.523
1.523
1.523
1.523
2.023
2.523
2.523
2.523
2.523
2.523
2.523
3.023
3.023
3.523
3.523
4.023
4.023
4.523
4.523
5.023
5.523
6.023
6.023
6.023
6.523
7.023
7.523
8.523
9.023
9.523
10.023
10.523
11.023
11.523
12.523
13.023
13.523
14.023
14.523
15.023
15.523
16.023
17.023
17.523
18.523
19.023
20.023
20.523
21.023
21.523
22.023
22.523
23.523
24.023
24.523
25.023
26.023
27.023
27.523
28.523
29.523
30.523
31.523
32.523
33.523
34.523
35.523
36.523
37.523
38.523
39.523
40.023
41.023
42.023
42.523
43.523
44.023
44.523
45.523
46.523
47.523
48.523
49.523
50.523
51.523
52.523
53.523
54.523
55.523
56.523
57.523
58.523
59.023
60.023
61.023
61.523
62.523
63.023
64.023
64.523
65.023
65.523
66.023
66.523
67.523
68.023
68.523
69.023
70.023
71.023
72.023
72.523
74.023
74.523
75.523
76.523
77.523
78.023
79.023
80.023
81.023
82.023
83.023
84.023
85.023
86.023
87.023
87.523
88.523
89.023
90.023
90.523
91.523
92.523
94.023
95.023
96.023
97.023
98.023
99.023
99.523
100.023
101.023
101.523
102.523
103.023
103.523
104.523
105.023
105.523
106.523
107.023
107.523
108.523
109.023
109.523
110.023
111.023
111.523
112.023
112.523
112.523
113.023
113.023
113.523
113.523
114.023
114.523
