4.8
0.5
4.2
4.4
4.1
4.2
4.2
4.1
4.9
4.9
5.1
5.1
5
4.8
5.9
5.8
5.7
5.6
5.8
5.6
6.5
6.4
6.2
6.1
5.9
5.7
5.9
6
6.1
6
6.1
6
6.3
6.9
7.2
7.3
7.2
7.5
7.8
7.9
7.9
9.2
9.1
9.4
9.8
9.8
9.9
10.6
12.1
12.1
12
11.7
11.5
11.7
10.8
10.8
10.8
11.8
11.3
11.2
10.9
10.7
9.8
9.8
9.6
9.1
9.8
9
9
9.3
10
10.3
10.8
11.4
11.8
12.1
11.8
12
11.7
11.6
13.2
13.8
14.4
14.7
15.3
15.7
16.1
16.7
16.7
16.4
16.2
15.8
15.4
15.5
14.7
14.4
14.5
14
13.5
13.4
13.9
13.8
13.6
11.7
11.3
11
9.8
10.1
10
10
10.6
10.7
11.2
11.4
11.8
12
12.3
12.6
11.9
12.1
12.6
13.1
13.4
13.7
14
14.7
15.4
15.6
15.5
15.2
15.2
14.6
14.1
14.1
13.6
12.2
12.1
12
11.6
11.4
10.8
10.5
10.2
9.8
9.2
8.9
8.5
8.7
8.5
8.3
8.3
8.4
8.6
8.9
9.2
9.2
9.4
9.9
9.9
10.3
10.3
10.7
9.6
10.2
10.2
10.4
11.2
10.9
11.3
10.8
10.5
10.3
10.3
10.1
9.8
9
8.7
8.4
8.4
8.1
7.9
7.6
7.3
7.1
7.2
6.7
6.7
6.9
6.2
6.5
6.5
6.8
6.6
6.4
6.8
6.8
7
7.2
7.1
7.3
