-35189.3
24218.7
10789.1
4337.45
1323.12
-14.3015
-547.458
-705.655
-697.118
-623.822
-531.431
-440.901
-360.189
-291.545
-233.273
-186.586
-148.733
-118.208
-93.3765
-73.8061
-57.0566
-44.4607
-34.4958
-26.4595
-20.1484
-15.1386
-10.7702
-197.573
-63.8956
-193.803
-37.6633
-161.209
-5.58445
-131.904
-170.748
-170.767
-155.364
-134.863
-114.503
-96.4049
-81.0313
123.293
2.75654
-236.978
-122.23
-65.5433
-227.729
-82.4557
-206.315
-239.131
-41.5092
-149.864
-181.643
-179.274
25.5164
-86.1734
64.5731
-71.9997
66.5762
-75.9151
61.2651
108.765
-75.3556
-144.641
-161.625
-156.229
-141.15
-315.855
-169.464
-287.513
-311.241
-485.597
-324.16
-232.459
-178.003
-334.109
-181.14
-297.347
-132.065
-248.564
-86.2967
-18.2502
-184.476
-49.8073
-186.018
-229.238
-40.5814
-156.019
-194.19
-7.45889
62.7695
79.1138
-117.928
-1.94154
38.5873
235.898
98.1421
27.3652
180.886
30.9052
153.171
-6.90137
-75.7901
-102.997
81.4188
143.521
-40.7218
74.8818
109.913
-80.7772
36.0929
-114.599
21.5819
-119.735
-169.598
12.105
-109.755
-152.884
29.061
96.0903
110.411
102.145
85.5216
67.3273
50.3545
226.236
83.3608
205.06
42.1209
-30.4898
130.881
-9.23284
122.571
-27.8488
101.404
-49.3689
82.6644
126.106
129.457
116.716
98.3127
79.885
63.1399
238.851
95.554
27.2843
-4.39753
-17.6758
167.353
35.1232
-22.6265
-44.7894
139.808
200.747
15.8819
129.131
-27.5997
101.811
-46.0523
88.7803
-55.5315
81.71
-61.9913
76.7103
125.302
133.429
-65.1388
50.4302
93.2264
101.494
-94.6052
25.3684
71.9325
84.1963
81.474
72.5391
62.6326
53.0985
44.9364
37.7193
31.7922
26.8134
22.7222
19.4648
17.1066
14.6342
13.0531
11.9865
10.2728
9.76114
9.11155
8.89202
8.27613
7.74327
7.87721
7.66414
7.69356
7.75733
7.54812
7.66064
