47790.7
-115783
-39513.9
-5054.98
9234.08
14026.3
14540.5
13292.2
11463.6
9585.8
7876.09
6404.59
5175.51
4166.32
3345.99
2683.24
2149.8
1721.42
1377.91
1102.69
882.307
705.899
564.719
451.748
361.356
289.034
231.169
443.202
-219.689
-204.584
-881.47
-805.787
-1398.32
-1178.53
-1494.12
-1892.53
-2307.71
-2688.08
-3016.49
-3291.27
-3517.13
-3959.16
-3481.78
-3129.39
-3823.93
-4164.42
-4070.93
-4774.87
-4765.71
-5175.57
-5970.4
-5878.04
-6143.4
-6465.55
-7173.98
-6902.8
-7252.49
-6853.88
-7157.49
-6749.94
-7060.37
-6923.6
-6363.29
-6392.96
-6655.64
-6985.27
-7308.71
-7339.01
-8210.69
-8370.09
-8931.99
-9340.36
-10608.2
-11389.6
-11898.4
-11988.9
-12864.7
-13005.3
-13799.6
-13814.1
-14477
-14569.6
-14304.6
-14782.6
-14572.3
-14811.2
-15464.1
-15255.7
-15426.9
-15991.2
-15953
-15677.5
-15016
-15366.8
-15281.5
-15312.7
-14425.7
-13963.5
-13975.7
-13214.8
-13182.5
-12483.1
-12290.2
-12259.1
-12692.3
-12462.5
-11756.1
-11891.4
-11646.5
-11015.7
-11255.3
-10857.4
-11206
-10856.6
-10966.4
-11507.1
-11204.5
-11298.1
-11738.9
-11709.9
-11393.3
-11017.5
-10655.5
-10335.3
-10063.8
-10097.3
-9287.71
-9183.56
-8410.32
-8150.11
-8379.46
-7820.03
-7962.7
-7410.26
-7596.71
-7098.39
-7337.66
-7144.7
-6738.89
-6424.8
-6078.07
-5776.67
-5523.53
-5573.34
-4777.67
-4426.72
-4288.76
-4249.79
-4512.64
-3908.25
-3720.76
-3718.77
-4049.51
-3776.92
-3031.92
-3134.14
-2603.35
-2834.11
-2384.73
-2669.92
-2258.73
-2571.79
-2181.56
-2510.72
-2391.37
-2104.55
-1521.09
-1839
-1782.32
-1581.47
-1084.7
-1480.93
-1491.37
-1346.47
-1153.9
-961.537
-788.485
-640.462
-517.254
-416.291
-334.322
-268.147
-214.906
-172.162
-137.891
-110.435
-88.4508
-70.8531
-56.7689
-45.4978
-36.479
-29.2621
-23.4869
-18.8659
-15.1676
-12.2076
-9.8389
-7.94257
-6.42411
-5.20863
