92.5
0
0
0
0
0
0
0
0
0
0
0
0
0
0
0
0
0
0
0
0
0
0
0
0
0
0
0.5
0.5
1
1
1.5
1.5
2
2.5
3
3.5
4
4.5
5
5.5
5.5
6
7
7.5
8
9
9.5
10.5
11.5
12
13
14
15
15.5
16.5
17
18
18.5
19.5
20
20.5
21.5
22.5
23.5
24.5
25.5
27
28
29.5
31
33
34.5
36
37.5
39.5
41
43
44.5
46.5
48
49.5
51.5
53
55
57
58.5
60.5
62.5
64
65.5
67
69
70.5
72
73
74.5
76
77
78.5
79.5
81
82.5
84
85
86
87.5
88.5
89.5
91
92
93.5
94.5
96
97.5
98.5
100
101.5
102.5
103.5
104.5
105.5
106.5
107.5
108.5
109
110
110.5
111.5
112.5
113
114
114.5
115.5
116
117
117.5
118
118.5
119
119.5
120
120.5
120.5
121
121.5
122
122.5
122.5
123
123.5
124
124
124
124.5
124.5
125
125
125.5
125.5
126
126
126.5
126.5
126.5
126.5
127
127
127
127
127.5
127.5
127.5
127.5
127.5
127.5
127.5
127.5
127.5
127.5
127.5
127.5
127.5
127.5
127.5
127.5
127.5
127.5
127.5
127.5
127.5
127.5
127.5
127.5
127.5
127.5
127.5
127.5
127.5
127.5
