20.2
20.2
20.2
0.3
3.4
3.9
4.1
4.1
3.8
3.8
4.3
4.5
4.8
4.7
4.4
4.5
5.2
5.3
5.2
5.4
5.5
5.4
6.2
6.4
6.2
6.2
6.6
6.3
6.1
7.1
7.3
7.3
7.5
7.3
7.5
8.2
8.3
9.1
9.4
9.4
9.3
9.2
10.7
10.8
10.8
10.8
11.3
10.9
10.8
12
12.1
12.3
12.1
12.1
12.1
11.9
11.8
12.8
12.7
12.6
12.3
12.2
11.8
12.1
11.7
12.2
12.7
12.3
12.4
12.3
12.3
12.2
12.1
13.3
13.3
13.2
12.9
13.1
13.1
13.1
12.9
13.2
13.1
13.7
14.1
13.9
14
13.7
13.7
13.9
13.9
13.8
13.9
13.6
14.4
14.6
14.8
14.4
14.2
13.7
13.5
13.4
13.5
13.4
13.2
13.2
13.3
13.7
13.8
14
14.3
14.3
15.2
15.4
15.8
15.8
16.1
15.8
15.4
15.8
16.3
16.1
16.3
16.2
16.3
16.4
16.4
16.6
16.5
16.5
17.1
16.8
16.6
16.6
16.6
17.2
16.9
16.8
16.9
17.1
17.5
17.3
17.4
18.8
18.5
18.9
19.4
19.4
19.1
19.2
18.4
18
18
18.2
18.4
18.2
18.5
18.4
18.5
18.4
19.6
21.3
22
22
21.5
20.1
19
18.8
18.9
18.9
18.5
18.6
17.5
17.3
16.8
17
16.7
16.6
16.1
15.5
15.7
15.9
14.9
15
14.8
15
14.7
14.9
15.1
13.7
13.6
13.4
13.3
13.3
13.4
12.2
11.7
11.8
11.7
12
