810.428
424.671
73.7542
-1036.15
-432.304
-147.934
-19.002
34.8007
52.9515
55.4166
51.7412
45.5269
39.1585
32.9554
27.389
23.0836
20.1633
17.3191
14.84
13.1247
11.6864
10.3528
10.1648
9.57352
8.74013
8.23329
8.22808
7.60376
7.14428
7.93703
7.97109
3.85399
6.68959
7.62598
8.24877
9.04388
9.09876
5.81742
8.75118
9.87059
10.1727
10.1473
7.59922
10.3286
7.44433
10.5645
8.35333
7.11753
7.01551
12.5319
10.3223
9.73038
9.42507
9.60465
9.88056
9.96712
10.1293
11.3559
11.4453
11.5013
11.3279
11.3302
14.9973
16.6062
12.2969
15.1124
12.2652
14.5088
11.4629
14.1376
11.0814
9.83582
13.4531
12.0228
11.0532
10.7452
10.5623
10.9981
7.27324
10.2583
7.50708
11.2183
8.65159
12.6022
10.4229
9.46706
9.61584
9.68195
10.1384
6.80066
9.9408
11.4007
8.28854
11.1102
13.3158
10.1104
13.2427
10.095
13.0719
9.87946
12.8297
13.9653
14.4114
18.2515
15.1135
17.6397
18.262
18.3305
21.775
22.518
18.2022
19.9058
20.9298
16.6248
15.0562
18.2834
15.6447
14.1707
13.4195
13.8331
14.4911
14.4911
14.8879
18.9478
16.4559
15.4595
15.071
15.2044
15.1733
15.2893
12.0284
14.5843
15.7042
12.2934
15.2529
13.143
12.0735
12.0568
12.5733
9.29695
12.9326
14.3924
15.3558
17.2144
13.1809
12.4809
13.0443
9.58239
8.69362
9.41298
9.65365
10.3588
15.3635
17.6906
18.6539
18.5956
18.7742
22.444
19.5719
14.053
17.3187
15.9505
15.7723
11.8735
10.5935
5.75468
8.41787
6.56381
10.9297
13.2001
14.045
18.8399
15.4235
14.2712
13.4602
9.65207
12.1876
9.4553
12.3208
13.2115
14.0034
14.3763
13.3647
13.3802
13.0748
17.1562
14.0227
16.9077
13.8104
10.987
10.3551
14.0177
15.2146
11.3713
13.8775
9.42111
11.6471
