-1073.06
1311.97
2718.99
4292.05
1000.78
-415.81
-940.867
-1056.81
-997.509
-874.047
-737.266
-608.836
-496.592
-402.048
-324.04
-260.447
-208.982
-167.516
-134.196
-107.469
-86.0527
-68.9042
-55.1785
-44.1953
-35.4093
-28.3824
-22.7626
-18.2685
-14.676
-11.804
-9.50836
-2.2642
-13.9081
-17.2126
-16.8519
-15.0629
-12.8822
-5.35347
-16.5815
-19.4601
-18.7119
-16.5888
-8.71931
-19.4803
-16.477
-28.4114
-24.9868
-30.4931
-39.0227
-53.3198
-48.3539
-50.9121
-56.2247
-62.1089
-67.634
-72.464
-76.5346
-79.8951
-82.6366
-84.857
-86.6479
-88.0896
-94.6587
-87.8918
-71.0575
-72.0221
-59.8691
-63.8267
-53.6932
-59.0787
-49.9928
-50.7586
-60.8
-53.4068
-54.511
-58.9045
-64.1754
-69.2708
-7.61874
-85.3192
-87.5611
-103.841
-103.967
-117.762
-115.504
-121.782
-130.848
-140.124
-148.555
-150.397
-169.56
-179.006
-178.21
-193.539
-199.055
-194.684
-206.937
-204.474
-156.069
-213.008
-223.777
-224.45
-221.016
-221.694
-203.808
-200.427
-188.456
-174.245
-165.97
-146.167
-118.324
-110.189
-96.0214
-75.4474
-69.1
-74.4884
-63.8909
-62.6898
-65.3683
-69.3315
-73.4123
-77.132
-80.3354
-88.4233
-18.5792
-74.8312
-75.7048
-77.9141
-80.4368
-82.8335
-79.5306
-94.4194
-100.365
-96.7285
-109.764
-108.024
-115.278
-125.405
-135.67
-139.553
-160.636
-171.76
-177.788
-181.175
-177.756
-186.688
-199.666
-147.111
-227.351
-249.93
-271.364
-290.196
-311.515
-316.966
-255.395
-311.47
-306.774
-307.702
-290.645
-277.42
-287.193
-285.044
-293.072
-298.958
-318.129
-335.286
-309.619
-388.268
-418.165
-435.017
-385.338
-456.566
-447.527
-445.865
-447.321
-444.466
-460.313
-461.914
-477.797
-424.576
-483.577
-482.121
-420.776
-477.884
-475.935
-479.669
-465.159
-464.943
-450.324
-446.135
-446.536
-454.142
-449.138
-375.052
-436.869
-426.212
-431.42
