-2.07694
-2.49233
-2.49233
-0.010472
-0.010472
-0.010472
-0.010472
-0.010472
-0.010472
-0.010472
-0.010472
-0.010472
-0.010472
-0.010472
-0.010472
-0.010472
-0.010472
-0.010472
-0.010472
-0.010472
-0.010472
-0.010472
-0.010472
-0.010472
-0.010472
-0.010472
-0.010472
-0.010472
-0.010472
-0.010472
-0.010472
0
0
0
0
0
0
0.010472
0.010472
0.010472
0.010472
0.010472
0.020944
0.020944
0.0314159
0.0314159
0.0418879
0.0523599
0.0628319
0.0628319
0.0733038
0.0837758
0.0942478
0.10472
0.115192
0.125664
0.136136
0.146608
0.15708
0.167552
0.178024
0.188496
0.188496
0.188496
0.198968
0.198968
0.20944
0.20944
0.219911
0.219911
0.230383
0.240855
0.240855
0.251327
0.261799
0.272271
0.282743
0.293215
0.314159
0.324631
0.345575
0.356047
0.376991
0.387463
0.408407
0.429351
0.450295
0.471239
0.492183
0.523599
0.544543
0.565487
0.596903
0.617847
0.638791
0.670206
0.69115
0.722566
0.74351
0.774926
0.79587
0.816814
0.837758
0.84823
0.869174
0.879646
0.890118
0.90059
0.90059
0.90059
0.911062
0.911062
0.911062
0.921534
0.932006
0.932006
0.942478
0.95295
0.963422
0.973894
0.984366
0.994838
1.00531
1.00531
1.01578
1.02625
1.03673
1.0472
1.05767
1.06814
1.08909
1.09956
1.11003
1.13097
1.14145
1.16239
1.18333
1.20428
1.22522
1.25664
1.27758
1.29852
1.31947
1.34041
1.37183
1.40324
1.43466
1.47655
1.51844
1.56032
1.60221
1.6441
1.67552
1.70693
1.73835
1.76976
1.80118
1.82212
1.85354
1.89543
1.92684
1.96873
2.01062
2.06298
2.11534
2.17817
2.23053
2.29336
2.34572
2.39808
2.45044
2.49233
2.54469
2.59705
2.64941
2.71224
2.7646
2.82743
2.87979
2.93215
2.98451
3.03687
3.08923
3.14159
3.19395
3.23584
3.2882
3.33009
3.38245
3.43481
3.48717
3.52906
3.57094
3.6233
3.66519
3.71755
3.75944
-3.74897
-3.70708
-3.66519
