78
78
0.6
200.3
200.4
56.7
68.6
198.5
69.4
8
97.1
11.7
105.9
98.7
104.9
105.8
12.6
133.3
112.9
114.7
16.7
130.9
113.8
124.4
101.6
112.5
16.3
102.7
89.3
85.1
13.5
86
71.1
13.2
76
66.9
66.5
69.8
11.6
79.6
70.5
74.6
77.3
82.5
12.6
102.3
92.2
12.2
103.4
107.4
118.1
122.5
15.4
125.9
117.4
114.4
115.4
107.5
123.2
15.7
108.4
89.3
14.1
97.4
83.5
76
13.3
76.5
68.5
68.5
69.1
65.9
9.8
77.7
70.4
78.5
77.7
12.6
90.9
87.7
93
11.8
114.5
105.5
116.9
8.1
127.7
115
117
129
111.3
127.6
16.2
122.7
16
95.9
93.5
88.1
83.4
14.1
81.6
72.7
69.1
74.2
10.8
75
64.9
68.3
71.8
9.1
95.9
80.6
83.9
11.2
104.1
94.6
97.4
13
115.3
111.8
116.3
113.9
114.1
17.9
130.4
107.7
124.1
8.3
112.5
96.4
92.2
14.4
96
78.3
73.9
15
83.1
66.1
65.1
64.1
65
63.4
10.2
87
9.7
102.7
80.2
88
88.8
11.9
116.5
105.3
119.1
110.4
14.9
128.1
101.2
122.3
111.5
20.7
113.8
103.4
101.5
15.6
101.9
88
16.9
87.4
75.7
68.2
62.4
75.9
61
12.1
71.6
67.9
72.6
9.8
93.3
81.2
82
7
105.4
94
102.7
120.8
107
14.2
124.8
111.1
112.7
115.4
17.8
124.1
108.6
16.6
113
98.6
94.9
95.1
