-18565.4
-5736.26
18733
7506.92
-3700.35
-13532.7
-17323.3
-18845.4
-21523.7
116495
26885.4
-12330.7
-24377.9
-28482.3
-28583.4
-26525.9
-24099.6
118861
28193.7
-12580.5
-27734.4
-28407.4
-27198.6
-25292.9
-22595
116591
24385.8
-12176.1
-26949.8
-31306.2
-30191.7
-25124.4
-21763.4
118481
28980.7
-10307.5
-25549.9
-30224.8
-29327.9
-23674.1
-20388.7
-18159.5
120759
28140
-12187.7
-24151.9
-27877.8
-27599.9
-22332.2
-18756.3
120031
27063.4
-12751.5
-25355.8
-28839.1
-28282.4
-26553.4
-23981.6
116042
24212
-11983.6
-26257.2
-30166.5
-26329
-23133.3
-21240
117789
28821
-10991.5
-26757.9
-30770.1
-30256.4
-27093.1
-20191.1
-16560.6
122023
28951.9
-11246
-24588.4
-28437.9
-28644.4
-26526.9
-20061.6
120334
27617.1
-12348.2
-24285.3
-28180.3
-27467.3
-25363
-23334.7
115843
24637.9
-12660
-26646.5
-27746.3
-26561.4
-24943.2
-22566.9
116965
28282.5
-10607.5
-26231.9
-30421.8
-29314.4
-24148
-20824.5
-18349.2
120307
27744.8
-8922.16
-24054.6
-29396.2
-28676.2
-23510.4
-20641.5
118601
26810
-10562.8
-25239.8
-29517.9
-29417.4
-27011.1
-23644.5
118691
27782.7
-12470.1
-27832.1
-28208.5
-26709.7
-25324.6
-22700.6
-17001.5
122590
29688.2
-9933.08
-22987
-27449
-27234.5
-25564.7
-23679.5
116390
25169.8
-11860.4
-25967.8
-27561.4
-27190.1
-25062.6
-22660.7
116689
28757.6
-10269.1
-25960.3
-30220
-29183.6
-24186.7
-21150.6
118998
26088.8
-13590.8
-26087.3
-30218.1
-29607.7
-26875.6
-21280.6
-18091.3
121900
31786.5
-8027.56
-23709
-28935.4
-28691.8
-26133.5
-22741.3
119446
28441.9
-12124.2
-27781.5
-28513.1
-27498.4
-26042.6
-22752.6
120397
28535.3
-11232.2
-26943.9
-31695.3
-30334.5
-24532.5
-21126
118384
26242.9
-13915.4
-25610.8
-29283.4
-28473.6
-22702.9
-19474.4
-17735.9
120759
