25432
-35901.6
-82523.7
-22209.4
10425.4
14331.1
-12523.7
-50758
-91188.2
-328176
70078.5
184992
170412
116678
48580.9
-21840.1
-87359
-336691
68132.4
188440
176895
110949
41208
-25746.6
-88593.5
-329567
71840.9
177762
166972
107707
31327.7
-46483.9
-109434
-349788
53113.2
173438
167809
112304
38750.1
-37927.9
-97518.3
-147243
-376786
35827.5
155648
141630
88315
21294.4
-50579.5
-107313
-338614
72219.6
188250
173417
116468
46589.1
-22738.8
-88357.7
-333723
65899.5
170997
160096
101714
24808.8
-41662.5
-98001.8
-335636
64756.6
185281
178620
119195
44994.5
-30900.4
-103214
-154344
-379591
36614.5
158167
148178
93910.5
26411.9
-44168.8
-114366
-350864
60524.2
178202
163556
109777
41319.1
-26539.8
-88636.2
-331344
66920.9
174574
161392
98708.8
30794.6
-34129.3
-95455.4
-336931
61164.3
179206
173307
115479
41123.3
-34892
-95669.7
-146758
-376320
34958.8
149335
146995
96106.8
24871.4
-49419.9
-107983
-344227
61543.4
174388
167265
111791
41002.8
-31778
-99611.8
-346909
57969.5
176762
165849
99408.8
29921.3
-34969.9
-97738.7
-157343
-385048
32312.8
154873
147583
97899.9
32079.9
-34431
-96534.2
-341082
58828.5
167433
156493
96158.5
29767.4
-37256.5
-98851.9
-340283
56242.5
175555
170530
113328
39439.4
-35963.3
-96575.9
-335425
72845.9
186452
169495
111787
38756.2
-35085.4
-105054
-158121
-389019
23179.8
151107
151642
101310
31961.4
-39150.7
-104692
-349674
57298
178143
168616
102712
33180.1
-33648.8
-98988.8
-345305
64914
184689
177342
118416
40586
-38617.1
-100484
-338412
67454.3
182117
163390
106272
34974.3
-39791.9
-97095.8
-144097
-372105
