49
49
-0.5
1.5
19
51
86
125.5
174.5
-137
-94.5
-51
-14
27
71
116.5
164
-155.5
-114
-68.5
-23.5
14.5
55.5
99.5
144.5
-168
-119
-77.5
-33
14
61
103.5
148.5
-166.5
-126
-84.5
-42
3
48
86.5
128
172
-142.5
-95.5
-48
-8.5
34
78.5
116.5
156
-161
-115.5
-71
-32
9
52
98
145.5
-166.5
-117
-75.5
-32
13
51.5
92
136.5
-177.5
-138.5
-96.5
-52.5
-8
38.5
84.5
122.5
163
-153
-107
-61.5
-20.5
22.5
69
116.5
156
-162
-116.5
-71.5
-34
7
49
93
140
-171
-123
-79.5
-36
2.5
43.5
88
134
-179
-139
-98
-54.5
-10
34.5
74
116
160
-153.5
-106
-67
-25
21
66.5
106.5
150
-164.5
-119
-79
-37.5
6
52
99
146
-171.5
-128
-82
-35.5
3
44
89.5
135.5
175
-142.5
-97.5
-54.5
-16.5
25
68
113.5
162
-150
-102
-59.5
-16.5
22.5
65.5
110
156.5
-155.5
-116.5
-75.5
-32
12.5
57
97
140
-177
-130
-84
-43.5
1
47
93.5
135
179
-137.5
-98
-57.5
-16
28.5
74
120
166
-152.5
-110
-64.5
-18
21
63.5
110
155.5
-166
-123.5
-81
-36.5
10.5
56.5
96.5
139.5
-175.5
-129
-81.5
-42
1
45
82
122
165.5
-149
