0
0
584.4
561.6
0
564.6
1087.8
543.6
1102.2
548.4
556.8
549.6
552.6
1107
544.8
554.4
550.2
1089.6
547.2
558.6
558
548.4
549
1095
542.4
549.6
551.4
1099.8
546.6
558.6
1096.2
546.6
549.6
552.6
555
1104.6
555.6
559.2
555
552
549
1093.8
546.6
555.6
1104.6
552
556.2
553.2
552.6
1086
547.8
556.2
552
553.8
550.2
550.8
1092
539.4
549.6
1099.8
547.8
557.4
559.2
1111.8
548.4
552
550.8
554.4
553.2
1104
549.6
558.6
555.6
552
1086
545.4
552.6
550.8
1101.6
549.6
555
553.2
1099.8
542.4
560.4
549.6
555.6
555
553.2
1096.2
538.8
1093.8
549
556.2
558
553.8
1099.8
546.6
553.8
552
555
1101.6
549
559.2
555
548.4
1104.6
546.6
550.2
555.6
1099.2
552
555
553.2
1099.2
544.8
552
549.6
550.8
557.4
1084.8
548.4
552
547.2
1098
544.8
561
560.4
1109.4
547.2
555.6
555
1090.8
550.8
560.4
553.8
551.4
552
551.4
1092
543
1099.2
552
561.6
549.6
555
1100.4
545.4
550.8
550.8
552.6
1093.8
553.2
559.2
548.4
553.2
1090.8
545.4
553.8
551.4
1101.6
547.8
559.8
1095
553.2
553.2
555
553.2
550.8
555
1100.4
552
550.8
547.8
1097.4
544.8
558
557.4
1099.8
545.4
561
547.8
549.6
552
1092.6
547.8
558.6
552.6
550.2
1083.6
541.2
557.4
1090.8
551.4
558.6
560.4
553.2
1095.6
