92.5
0
0
0
0
0
0
0
0
0
0
0
0
0
0
0
0
0
0.5
0.5
0.5
0.5
0.5
1
1
1
1.5
1.5
2
2
2.5
3
3.5
3.5
4
4.5
5
5
5.5
6
6.5
7
7.5
7.5
8.5
9
9.5
10
10.5
11.5
12
13
14
15
16.5
17.5
19
20.5
22
23.5
25
26.5
28
30
32
34
36
38.5
41
43.5
46
48.5
51
53.5
56
58.5
60.5
63
65
67.5
70
72
74.5
77
79
81
83.5
86
88
90.5
93
95.5
98.5
101
103.5
106
108.5
110.5
112.5
114.5
116.5
118.5
121
122.5
124.5
126
127.5
128.5
130
131.5
132.5
134
135
136
137
137.5
138.5
139
140
140.5
141.5
142
142.5
143
143.5
144
144
144
144.5
144.5
145
145.5
145.5
145.5
146
146
146
146
146
146
146
146
146
146
146
146
146
146
146
146
146
146
146
146
146
146
146
146
146
146
146
146
146
146
146
146
146
146
146
146
146
146
146
146
146
146
146
146
146
146
146
146
146
146
146
146
146
146
146
146
146
146
146
146
146
146
146
146
146
146
146
146
146
146
146
146
146
146
146
146
146
146
146
146
145.5
145.5
145.5
145.5
145.5
145.5
145.5
145.5
145.5
145.5
145.5
145.5
145
145
145
145
145
145
145
144.5
144.5
144.5
144.5
144.5
144.5
144
144
144
143.5
143.5
143
143
143
142.5
142.5
142
142
141.5
141.5
141
140.5
140.5
140
140
139.5
139
139
138.5
138.5
138
138
137.5
137
137
136.5
136
135.5
135
134.5
134
133
132.5
131.5
130.5
129.5
128.5
127.5
126.5
125.5
124
123
121.5
120
118.5
116.5
115
113
111.5
109.5
108
106
104.5
102.5
100.5
99
97
95.5
94
92.5
91
89.5
88
86.5
85.5
84
82.5
81.5
80
79
78
77
76
75
74
73
72
71
70
69
68
67
66
65
64
63
62
61
60.5
59.5
59
58
57.5
56.5
56
55.5
54.5
54
53
52.5
52
51
50.5
50
49.5
49
48.5
48
48
47.5
47.5
47
47
47
46.5
46.5
46
46
46
45.5
45.5
45.5
45.5
45.5
45.5
45.5
45.5
45.5
45.5
45.5
45.5
45.5
45.5
45.5
45.5
45.5
45.5
45.5
45.5
45.5
45.5
45.5
45.5
45.5
45.5
45.5
45.5
45.5
45.5
45.5
45.5
45.5
45.5
45.5
45.5
45.5
45.5
45.5
45.5
45.5
45.5
45.5
45.5
45.5
45.5
45.5
45.5
45.5
45.5
45.5
45.5
45.5
45.5
45.5
45.5
45.5
45.5
45.5
45.5
45.5
45.5
45.5
45.5
45.5
45.5
45.5
45.5
45.5
45.5
45.5
45.5
45.5
45.5
46
46
46
46
46.5
46.5
46.5
47
47
47
47.5
47.5
47.5
48
48
48
48.5
48.5
49
49.5
49.5
50
50.5
51
51.5
52
52.5
52.5
53
53.5
53.5
54
54
54.5
54.5
55
55.5
55.5
56
56.5
57
57.5
58
58
58.5
59
59.5
60
60
60.5
61
61.5
62
62
62.5
63
63
63.5
64
64
64.5
65
65.5
66
66.5
67
68
68.5
69
70
70.5
71.5
72
73
73.5
74
75
75.5
76.5
77
78
78.5
79.5
80
81
81.5
82
83
83.5
84.5
85
86
87
87.5
88.5
89.5
90
91
91.5
92.5
93
94
94.5
95.5
96
97
98
98.5
99
99.5
100
100.5
101
101.5
101.5
102
102.5
102.5
103
103
103
103.5
103.5
103.5
104
104
104
104
104
104
104.5
104.5
104.5
104.5
104.5
105
105
105
105
105
105
105
105
105
105
105
105
105
105
105
105
105
105
105
105
105
105
105
105
105
105
105
105
105
105
105
105
105
105
105
105
105
105
105
105
105
105
105
105
105
105
105
105
105
105
105
105
105
105
105
105
105
105
105
105
105
105
105
105
105
105
105
105
105
105
105
105
105
105
105
105
105
105
105
105
105
105
105
105
105
105
105
105
105
105
105
105
105
105
105
105
105
105
105
105
105
105
105
105
105
105
105
105
105
105
105
105
105
105
105
105
105
105
105
105
105
105
105
105
105
105
105
105
105
105
105
105
105
105
105
105
105
105
105
105
105
105
105
105
105
105
105
105
105
105
105
105
105
105
105
105
105
105
105
105
105
105
105
105
105
105
105
105
105
105
105
105
105
105
105
105
105
105
105
105
105
105
105
105
105
105
105
105
105
105
105
105
105
105
105
105
105
105
105
105
105
105
105
105
105
105
105
105
105
105
105
105
105
105
105
104.5
104.5
104.5
104.5
104.5
104.5
104.5
104.5
104.5
104.5
104.5
104.5
104.5
104.5
104.5
104.5
104.5
104.5
104.5
104.5
104.5
104.5
104.5
104.5
104.5
104.5
104.5
104.5
104.5
104.5
104.5
104.5
104.5
104.5
104.5
104.5
104.5
104.5
104.5
104.5
104.5
104.5
104.5
104.5
104.5
104.5
104.5
104.5
104.5
104.5
104.5
104.5
104.5
104.5
104.5
104.5
104.5
104.5
104.5
104.5
104.5
104.5
104.5
104.5
104.5
104.5
104.5
104.5
104.5
104.5
104.5
104.5
104.5
104.5
104.5
104.5
104.5
104.5
104.5
104.5
104.5
104.5
104.5
104.5
104.5
104.5
104.5
104.5
104.5
104.5
104.5
104
104
104
104
104
104
104
104
104
104
104
104
104
104
104
104
104
104
104
104
104
104
104
104
104
104
104
104
103.5
103.5
103.5
103.5
103.5
103.5
103.5
103.5
103.5
103.5
103.5
103.5
103.5
103.5
103
103
103
103
102.5
102.5
102.5
102.5
102.5
102
102
102
102
102
101.5
101.5
101.5
101
101
100.5
100.5
100.5
100
99.5
99.5
99.5
99.5
99
99
98.5
98.5
98.5
98
98
98
98
97.5
97.5
97
97
97
96.5
96.5
96.5
96.5
96
96
96
95.5
95.5
95.5
95
95
95
94.5
94.5
94.5
94.5
94
94
94
94
94
94
94
93.5
93.5
93.5
93.5
93.5
93
93
93
93
93
93
92.5
92.5
92.5
92.5
92.5
92.5
92.5
92.5
92.5
92.5
92.5
92.5
92.5
92.5
92.5
92.5
92.5
92.5
92.5
92.5
92.5
92.5
92.5
92.5
92.5
92.5
92.5
92.5
92.5
92.5
92.5
92
92
92
92
92
92
92
92
92
92
92
92
92
92
92
92
92
92
92
92
92
92
92
92
92
92
92
92
92
92
92
92
92
92
92
92
92
92
92
92
92
92
92
92
92
92
92
92
92
92
92
92
92
92
92
92
92
92
92
92
92
92
91.5
91.5
91.5
91.5
91.5
91.5
91.5
91.5
91.5
91.5
91.5
91.5
91.5
91.5
91.5
91.5
91.5
91.5
91.5
91.5
91.5
91.5
91.5
91.5
91.5
91.5
91.5
91.5
91.5
91.5
91.5
91.5
91.5
91.5
91.5
91.5
91.5
91.5
91.5
91.5
91.5
91.5
91.5
91.5
91.5
91.5
91.5
91.5
91.5
91.5
91.5
91
91
91
91.5
91.5
91.5
91.5
91.5
91.5
91.5
91.5
91.5
91.5
91.5
91.5
91.5
91.5
91.5
91.5
91.5
91.5
91.5
91.5
91.5
91.5
91.5
91.5
91.5
91.5
91.5
91.5
91.5
91.5
91.5
91.5
91.5
91.5
91.5
91.5
91.5
91.5
91.5
91.5
91.5
91.5
91.5
91.5
91.5
91.5
91.5
91.5
91.5
91.5
91.5
91.5
91.5
91.5
91.5
91.5
91.5
91.5
91.5
91.5
91.5
91.5
91.5
91.5
91.5
91.5
91.5
91.5
91.5
91.5
91.5
91.5
91.5
91.5
91.5
91.5
91.5
91.5
91.5
91.5
91.5
91.5
91.5
91.5
91.5
91.5
91.5
91.5
91.5
91.5
91.5
91.5
91.5
91.5
91.5
91.5
91.5
91.5
91.5
91.5
91.5
91.5
91.5
91.5
91.5
91.5
91.5
91.5
91.5
91.5
91.5
91.5
91.5
91.5
91.5
91.5
91.5
91.5
91.5
91.5
91.5
91.5
91.5
91.5
91.5
91.5
91.5
91.5
91.5
91.5
91.5
91.5
91.5
91.5
91.5
91.5
91.5
91.5
91.5
91.5
91.5
91.5
91.5
91.5
91.5
91.5
91.5
91.5
91.5
91.5
91.5
91.5
91.5
91.5
91.5
91.5
91.5
91.5
91.5
91.5
91.5
91.5
91.5
91.5
91.5
91.5
91.5
91.5
91.5
91.5
91.5
91.5
91.5
91.5
91.5
91.5
91.5
91.5
91.5
91.5
91.5
91.5
91.5
91.5
91.5
91.5
91.5
91.5
91.5
91.5
91.5
91.5
91.5
91.5
91.5
91.5
91.5
91.5
91.5
91.5
91.5
91.5
91.5
91.5
91.5
91.5
91.5
91.5
91.5
91.5
91.5
91.5
91.5
91.5
91.5
91.5
91.5
91.5
91.5
91.5
91.5
91.5
91.5
91.5
91.5
91.5
91.5
91.5
91.5
91.5
91.5
91.5
91.5
91.5
91.5
91.5
91.5
91.5
91.5
91.5
91.5
91.5
91.5
91.5
91.5
91.5
91.5
91.5
91.5
91.5
91.5
91.5
91.5
91.5
91.5
91.5
91.5
91.5
91.5
91.5
91.5
91.5
91.5
91.5
91.5
91.5
91.5
91.5
91.5
91.5
91.5
91.5
91.5
91.5
91.5
91.5
91.5
91.5
91.5
91.5
91.5
91.5
91.5
91.5
91.5
91.5
91.5
91.5
91.5
91.5
91.5
91.5
91.5
91.5
91.5
91.5
91.5
91.5
91.5
91.5
91.5
91.5
91.5
91.5
91.5
91.5
91.5
91.5
91.5
91.5
91.5
91.5
91.5
91.5
91.5
91.5
91.5
91.5
91.5
91.5
91.5
91.5
91.5
91.5
91.5
91.5
91.5
91.5
91.5
91.5
91.5
91.5
91.5
91.5
91.5
91.5
91.5
91.5
91.5
91.5
91.5
91.5
91.5
91.5
91.5
91.5
91.5
91.5
91.5
91.5
91.5
91.5
91.5
91.5
91.5
91.5
91.5
91.5
91.5
91.5
91.5
91.5
91.5
91.5
91.5
91.5
91.5
91.5
91.5
91.5
91.5
91.5
91.5
91.5
91.5
91.5
91.5
91.5
91.5
91.5
91.5
91.5
91.5
91.5
91.5
91.5
91.5
91.5
91.5
91.5
91.5
91.5
91.5
91.5
91.5
91.5
91.5
91.5
91.5
91.5
91.5
91.5
91.5
91.5
91.5
91.5
91.5
91.5
91.5
91.5
91.5
91.5
91.5
91.5
91.5
91.5
91.5
91.5
91.5
91.5
91.5
91.5
91.5
91.5
91.5
91.5
91.5
91.5
91.5
91.5
91.5
91.5
91.5
91.5
91.5
91.5
91.5
91.5
91.5
91.5
91.5
91.5
91.5
91.5
91.5
91.5
91.5
91.5
91.5
91.5
91.5
91.5
91.5
91.5
91.5
91.5
91.5
91.5
91.5
91.5
91.5
91.5
91.5
91.5
91.5
91.5
91.5
91.5
91.5
91.5
91.5
91.5
91.5
91.5
91.5
91.5
91.5
91.5
91.5
91.5
91.5
91.5
91.5
91.5
91.5
91.5
91.5
91.5
91.5
91.5
91.5
91.5
91.5
91.5
91.5
91.5
91.5
91.5
91.5
91.5
91.5
91.5
91.5
91.5
91.5
91.5
91.5
91.5
91.5
91.5
91.5
91.5
91.5
91.5
91.5
91.5
91.5
91.5
91.5
91.5
91.5
91.5
91.5
91.5
91.5
91.5
91.5
91.5
91.5
91.5
91.5
91.5
91.5
91.5
91.5
91.5
91.5
91.5
91.5
91.5
91.5
91.5
91.5
91.5
91.5
91.5
91.5
91.5
91.5
91.5
91.5
91.5
91.5
91.5
91.5
91.5
91.5
91.5
91.5
91.5
91.5
91.5
91.5
91.5
91.5
91.5
91.5
91.5
91.5
91.5
91.5
91.5
91.5
91.5
91.5
91.5
91.5
91.5
91.5
91.5
91.5
91.5
91.5
91.5
91.5
91.5
91.5
91.5
91.5
91.5
91.5
91.5
91.5
91.5
91.5
91.5
91.5
91.5
91.5
91.5
91.5
91.5
91.5
91.5
91.5
91.5
91.5
91.5
91.5
91.5
91.5
91.5
91.5
91.5
91.5
91.5
91.5
91.5
91.5
91.5
91.5
91.5
91.5
91.5
91.5
91.5
91.5
91.5
91.5
91.5
91.5
91.5
91.5
91.5
91.5
91.5
91.5
91.5
91.5
91.5
91.5
91.5
91.5
91.5
91.5
91.5
91.5
91.5
91.5
91.5
91.5
91.5
91.5
91.5
91.5
91.5
91.5
91.5
91.5
91.5
91.5
91.5
91.5
91.5
91.5
91.5
91.5
91.5
91.5
91.5
91.5
91.5
91.5
91.5
91.5
91.5
91.5
91.5
91.5
91.5
91.5
91.5
91.5
91.5
91.5
91.5
91.5
91.5
91.5
91.5
91.5
91.5
91.5
91.5
91.5
91.5
91.5
91.5
91.5
91.5
91.5
91.5
91.5
91.5
91.5
91.5
91.5
91.5
91.5
91.5
91.5
91.5
91.5
91.5
91.5
91.5
91.5
91.5
91.5
91.5
91.5
91.5
91.5
91.5
91.5
91.5
91.5
91.5
91.5
91.5
91.5
91.5
91.5
91.5
91.5
91.5
91.5
91.5
91.5
91.5
91.5
91.5
91.5
91.5
91.5
91.5
91.5
91.5
91.5
91.5
91.5
91.5
91.5
91.5
91.5
91.5
91.5
91.5
91.5
91.5
91.5
91.5
91.5
91.5
91.5
91.5
91.5
91.5
91.5
91.5
91.5
91.5
91.5
91.5
91.5
91.5
91.5
91.5
91.5
91.5
91.5
91.5
91.5
91.5
91.5
91.5
91.5
91.5
91.5
91.5
91.5
91.5
91.5
91.5
91.5
91.5
91.5
91.5
91.5
91.5
91.5
91.5
91.5
91.5
91.5
91.5
91.5
91.5
91.5
91.5
91.5
91.5
91.5
91.5
91.5
91.5
91.5
91.5
91.5
91.5
91.5
91.5
91.5
91.5
91.5
91.5
91.5
91.5
91.5
91.5
91.5
91.5
91.5
91.5
91.5
91.5
91.5
91.5
91.5
91.5
91.5
91.5
91.5
91.5
91.5
91.5
91.5
91.5
91.5
91.5
91.5
91.5
91.5
91.5
91.5
91.5
91.5
91.5
91.5
91.5
91.5
91.5
91.5
91.5
91.5
91.5
91.5
91.5
91.5
91.5
91.5
91.5
91.5
91.5
91.5
91.5
91.5
91.5
91.5
91.5
91.5
91.5
91.5
91.5
91.5
91.5
91.5
91.5
91.5
91.5
91.5
91.5
91.5
91.5
91.5
91.5
91.5
91.5
91.5
91.5
91.5
91.5
91.5
91.5
91.5
91.5
91.5
91.5
91.5
91.5
91.5
91.5
91.5
91.5
91.5
91.5
91.5
91.5
91.5
91.5
91.5
91.5
91.5
91.5
91.5
91.5
91.5
91.5
91.5
91.5
91.5
91.5
91.5
91.5
91.5
91.5
91.5
91.5
91.5
91.5
91.5
91.5
91.5
91.5
91.5
91.5
91.5
91.5
91.5
91.5
91.5
91.5
91.5
91.5
91.5
91.5
91.5
91.5
91.5
91.5
91.5
91.5
91.5
91.5
91.5
91.5
91.5
91.5
91.5
91.5
91.5
91.5
91.5
91.5
91.5
91.5
91.5
91.5
91.5
91.5
91.5
91.5
91.5
91.5
91.5
91.5
91.5
91.5
91.5
91.5
91.5
91.5
91.5
91.5
91.5
91.5
91.5
91.5
91.5
91.5
91.5
91.5
91.5
91.5
91.5
91.5
91.5
91.5
91.5
91.5
91.5
91.5
91.5
91.5
91.5
91.5
91.5
91.5
91.5
91.5
91.5
91.5
91.5
91.5
91.5
91.5
91.5
91.5
91.5
91.5
91.5
91.5
91.5
91.5
91.5
91.5
91.5
91.5
91.5
91.5
91.5
91.5
91.5
91.5
91.5
91.5
91.5
91.5
91.5
91.5
91.5
91.5
91.5
91.5
91.5
91.5
91.5
91.5
91.5
91.5
91.5
91.5
91.5
91.5
91.5
91.5
91.5
91.5
91.5
91.5
91.5
91.5
91.5
91.5
91.5
91.5
91.5
91.5
91.5
91.5
91.5
91.5
91.5
91.5
91.5
91.5
91.5
91.5
91.5
91.5
91.5
91.5
91.5
91.5
91.5
91.5
91.5
91.5
91.5
91.5
91.5
91.5
91.5
91.5
91.5
91.5
91.5
91.5
91.5
91.5
91.5
91.5
91.5
91.5
91.5
91.5
91.5
91.5
91.5
91.5
91.5
91.5
91.5
91.5
91.5
91.5
91.5
91.5
91.5
91.5
91.5
91.5
91.5
91.5
91.5
91.5
91.5
91.5
91.5
91.5
91.5
91.5
91.5
91.5
91.5
91.5
91.5
91.5
91.5
91.5
91.5
91.5
91.5
91.5
91.5
91.5
91.5
91.5
91.5
91.5
91.5
91.5
91.5
91.5
91.5
91.5
91.5
91.5
91.5
91.5
91.5
91.5
91.5
91.5
91.5
91.5
91.5
91.5
91.5
91.5
91.5
91.5
91.5
91.5
91.5
91.5
91.5
91.5
91.5
91.5
91.5
91.5
91.5
91.5
91.5
91.5
91.5
91.5
91.5
91.5
91.5
91.5
91.5
91.5
91.5
91.5
91.5
91.5
91.5
91.5
91.5
91.5
91.5
91.5
91.5
91.5
91.5
91.5
91.5
91.5
91.5
91.5
91.5
91.5
91.5
91.5
91.5
91.5
91.5
91.5
91.5
91.5
91.5
91.5
91.5
91.5
91.5
91.5
91.5
91.5
91.5
91.5
91.5
91.5
91.5
91.5
91.5
91.5
91.5
91.5
91.5
91.5
91.5
91.5
91.5
91.5
91.5
91.5
91.5
91.5
91.5
91.5
91.5
91.5
91.5
91.5
91.5
91.5
91.5
91.5
91.5
91.5
91.5
91.5
91.5
91.5
91.5
91.5
91.5
91.5
91.5
91.5
91.5
91.5
91.5
91.5
91.5
91.5
91.5
91.5
91.5
91.5
91.5
91.5
91.5
91.5
91.5
91.5
91.5
91.5
91.5
91.5
91.5
91.5
91.5
91.5
91.5
91.5
91.5
91.5
91.5
91.5
91.5
91.5
91.5
91.5
91.5
91.5
91.5
91.5
91.5
91.5
91.5
91.5
91.5
91.5
91.5
91.5
91.5
91.5
91.5
91.5
91.5
91.5
91.5
91.5
91.5
91.5
91.5
91.5
91.5
91.5
91.5
91.5
91.5
91.5
91.5
91.5
91.5
91.5
91.5
91.5
91.5
91.5
91.5
91.5
91.5
91.5
91.5
91.5
91.5
91.5
91.5
91.5
91.5
91.5
91.5
91.5
91.5
91.5
91.5
91.5
91.5
91.5
