503.1
412.2
350.4
194.1
288.2
379.5
266.2
22.8
316.4
204.4
255.2
209
179.5
160.1
138.2
125.5
122.1
110.8
95.6
102.3
89.1
92.5
74.8
86
84.2
79.1
75.5
72.8
78.4
72.3
74
87.7
74.1
80.7
39
89.6
79.6
79
-4
155.9
141.2
127.7
112.5
92.1
96.8
90.6
90.4
76.8
28.5
109.9
104.3
106.1
88.3
81.7
81.5
83.2
-8.7
146.1
140.4
109.9
92
104.3
97.7
94.6
100.1
83.3
86.7
77.2
81.3
71.5
81.4
77.1
68.6
68.4
73.9
76
59.6
78.1
83.8
75.5
66.9
68
75.8
71.2
73
71.4
75.4
82.7
76.4
69.3
67.3
74.3
80
70.7
61.4
73
83
74.6
71.9
62.8
74
79.2
74.9
61.9
71
78.3
76.6
73.6
67.2
55.5
80.9
76.1
62.9
72.8
61.2
74.8
77.4
73.1
78.4
61.1
74.2
81.2
71.7
71.3
71.4
83
75.2
79.7
64.3
62.3
81.6
74.6
62.4
74.5
81
77.2
78.4
67.3
70.3
80.3
76.6
69.4
72
72.9
76.1
79.6
75.2
65
73.5
73.2
69.4
67.7
62.6
72.3
84.8
76.2
64.5
72.3
73.9
74.1
73.2
65
75.9
80.9
75.2
74.7
69
66.6
74.3
77
71.6
73.6
63.9
76.9
73.9
71.7
68.4
78.5
75.1
72.6
73.3
68
72.5
80.9
79.2
70.2
62.2
74.7
61.7
74.2
65.8
73.9
79.9
79.2
75.9
66.6
71
67.1
77.7
63.1
70.3
45.4
78
72.8
69.6
66.4
80.2
76.4
70.2
72.5
47.3
74.6
81.5
75.5
73.6
64.7
73.3
70.1
71.2
68.6
73.8
80.1
75.2
74.4
65.1
69.4
69.4
75.7
65.8
70
71.5
76.6
72.1
67.3
71.3
65.7
73.9
68.6
70.9
67.7
71
79.7
73.4
71.1
62.2
66.9
73.9
74.4
61.7
69.4
65.2
77.1
74.1
68.1
70
68.3
76.1
60.6
73.3
58.1
76.9
76.7
75.3
71.7
66
68.6
70.1
71.2
64.7
72
81.1
73.2
72.6
60.8
66.6
76.7
74.9
57.5
59.2
65.5
75.8
74.6
68.9
70.1
70.3
73
68.3
69.7
75.1
75.7
73.8
74.1
70.3
63
65.3
74.4
71.3
66.4
69.8
69.3
76.6
73.7
63.7
66.4
78.8
74.3
62
59
49.9
75.8
73.3
67.5
67.4
68.8
72.6
60.7
72.4
48
74.7
76.6
74
68.7
62.4
61
76.1
71.1
61.8
63.4
70.2
73.3
73.1
64.4
66.6
72.2
74.1
68.5
68.2
64.3
72.7
72.4
69.8
69.1
66.9
72.2
68.6
70.7
54.2
72.1
73
75.9
71.1
58.4
58.1
77.3
73.3
67
66.6
64.4
70.7
74.2
67.3
63.6
67.9
72.7
73.4
74.6
63.5
73.6
74.8
74.5
69.8
61.7
62.4
82.4
73.2
72.6
67.8
66.9
69.7
81.2
71.7
68.3
67.6
72.3
68.6
73.6
64.3
71.8
71.8
74.7
74.1
72.7
68.8
72.6
71.7
68.1
69.3
63.8
67.2
78.9
73.6
79.2
66.1
67.1
71.4
75
66.1
68.8
60.2
73.5
75
73.6
61.4
66.7
73.8
69.9
70.3
66.2
69.9
80.3
72.8
74.7
65.1
67.9
68.6
71.3
66.4
69.3
62.2
75.1
73.7
72.5
67.4
65.5
68.2
72.8
69
65.8
68.3
65.3
71.7
75
66.1
67
71
72.7
65.6
70.3
59.1
73.9
76.4
72.7
57.5
68.4
69.3
74
73.4
66.1
69.1
69.3
71.5
75.2
65.9
66
68.5
71.6
72.1
71.7
66.9
73.8
68.1
76.3
74.3
65
64.2
73.8
70.7
71.8
68.3
65.2
71.9
81.8
73.9
68.6
67.7
71.8
70.1
72.7
68
73.8
74
76.2
73.8
71.1
67.4
71.9
71.9
70.6
68.3
66
70.9
80.7
71.6
75.1
64.2
72
72.2
73.7
65.9
70.5
62.1
71.3
79.2
73.3
72
64.8
66.6
69.7
72.8
66.6
68.7
62.2
73.4
74.7
72.4
67.5
65.4
68.4
74.6
72.8
67.2
68.7
66.2
70.3
80.3
73.2
66.7
67.2
72
69
73.7
64.1
72.5
71.1
74.4
76.6
74.7
65.8
68.9
71
71.2
69.1
68
73.4
77.9
73.6
75.2
67.6
67.2
67.3
73.3
69.1
70.5
64.3
71.6
80.4
73.4
73.2
64.4
66.8
68.5
73.1
66.2
70.7
61.4
73.4
76
75.3
72.5
66.6
69.3
72.1
68.9
67.8
69
67.9
69.1
74.9
67.3
67.4
67.1
71.9
71
70.6
62.7
72.1
70.6
73.2
73.8
66.8
69
68.7
71.4
65.8
70.4
61.1
74
75.3
74.1
71.8
66.3
69.6
71.6
71.9
73.1
69.5
66
69.8
80.2
73.7
74.2
66.9
72.2
70
73.5
68.7
70.9
70.4
71.4
78.2
73.6
72.1
65.4
71.3
70.3
72
69.6
70.7
71.6
73.8
73.8
72.8
71.1
67.4
70.5
70.7
69.1
69.8
69.4
68.5
71.6
71.9
72.1
72
67.7
70.3
71.6
72.2
70
68.9
71.9
69.4
79.8
72.9
71.1
66.4
71.3
69.5
72.6
67.9
68.5
71.6
68.5
79.8
72.3
72.5
65.5
71.7
70.7
72.7
67.8
69.5
68.7
68.3
80
71.4
72.2
66.5
72.9
66
73.3
68.4
69.8
68.3
71.6
71.2
71.1
71.5
65.4
72.6
65.8
72
69.6
72.5
67.5
72.3
70.8
72.5
76.1
72.3
73.7
66.2
71.6
69.5
71.1
68.8
71
72
72.6
74
73.3
71.4
67.2
72.3
69.5
70.1
70
70.2
70
74.9
73.3
73.3
72
68.1
72
70.2
68.8
70.6
69.9
69.7
72.5
72.2
72.3
71.5
68.2
70.9
68.2
70.7
71
70
69.7
73.1
74.8
73.9
70.9
71.9
72.3
68
69.4
69.3
68.1
70.5
69.9
72.9
75.4
71.9
72.4
70.5
67.1
72.1
68.3
69.5
68.9
69.7
68.7
73.4
73.8
75.3
71.7
72.3
71.9
68
69.6
69.6
69.3
70.8
69.6
70.7
73.6
72
72.7
70.4
68
72.7
68.2
69.4
67.8
69.9
68.7
74
74.7
73.6
71.4
71.8
72.5
67.3
69.9
69
69.7
69.2
69.6
69.6
73
72.2
71.8
69.3
65.4
72
68.1
69.2
68.2
69.7
67.2
73.9
72.9
74.9
71.5
70.6
69.6
65
69.4
67.4
69.7
67.3
69.1
67.9
73.2
74.9
71.6
69
65.1
73.3
65.5
68.7
67.5
70.1
67.1
73
70.4
73
73.5
64.4
73.8
64.4
70
67.4
70.8
66.6
69.6
70.5
72.7
76.4
71.6
69.2
65
73.6
65.6
69.3
65.6
69.8
67.8
72.2
70.3
72.9
69.8
64.9
75.1
63.9
70.3
68
71.3
66.4
70.5
70.8
70.6
78.1
71
69.6
65.3
75.1
65
72.1
66.3
70.1
68.5
72.6
71
72.8
71.3
65.4
75.9
64.3
70
68.5
71.3
66.5
70.3
70.9
70.9
77.1
71.8
70.5
66.6
75.3
66.1
71.9
66.7
70.4
68.7
72.3
79.4
71.2
70.8
66.2
75.9
66.1
70.7
69.1
71.7
70.2
72.8
71.2
72.5
77.3
72.1
69.7
65.2
75.3
64.9
71.6
65.6
69.5
69.1
71.7
80.1
71
71.2
65.3
75.4
64.7
70.9
68.3
72
71.6
70.9
71.8
69.3
80.7
70.9
70.8
63.2
71.3
68.3
72.3
67
68.6
72
70.9
80.5
72.8
71.5
66.3
75.7
64.6
71.3
68.6
72.6
66.7
69.9
72.7
68.8
80.7
72
71.4
66
74.9
70.1
72.3
68.8
67.7
72.3
69.5
79
73
70.8
67.5
73.8
65.5
70.8
69.4
