5
42
114
-148.5
-49.5
16
105
-153.5
-58
59
-165.5
0.5
-174.5
37.5
-96.5
143.5
33.5
-62.5
-147
136.5
68.5
2.5
-61
-123
176.5
122.5
64.5
13
-43
-97
-147.5
158.5
110.5
58
10
-55
-113
-165.5
108.5
-34
-160
87
-10.5
-102
179.5
107
37
-23.5
-103.5
159.5
66.5
-20
-94.5
-160
138
78
-14
-162
69.5
-49.5
-149.5
116.5
29
-49
-120.5
-176
124
64.5
0
-66
-118.5
-168
150
100
57.5
5
-48.5
-98.5
-146.5
171
122.5
80.5
31.5
-14.5
-62.5
-110.5
-160.5
154
117.5
67
23.5
-26.5
-69
-115
-155.5
156.5
108.5
71
19
-23
-68.5
-108.5
-154.5
163
119
76
24
-24
-59
-103
-143.5
170.5
127
77
29
-22.5
-68
-104
-150.5
174
130
90
36
-8
-54
-101.5
-139
175
137.5
89.5
49.5
1.5
-44.5
-88.5
-141
174.5
124.5
86.5
41.5
-0.5
-51
-97.5
-141
172.5
124
76
33.5
-8
-49
-95
-137
177
131.5
81
29.5
-8.5
-51
-89
-137.5
-175
140.5
90.5
40.5
-9
-49
-93.5
-128.5
-170.5
150
101.5
59
14.5
-33.5
-80
-127
-163
151.5
112.5
66.5
23
-29
-75.5
-122
-170
154.5
112
71.5
23.5
-18.5
-68.5
-111.5
-159.5
156
114
66.5
26.5
-19
-58.5
-104.5
-143
171.5
121.5
77.5
29
-10
-56
-98
-150
173.5
123.5
81
35.5
-14
-54
-102
-142.5
173
131
80
34
-15.5
-63.5
-100
-146
176
130
91.5
38
-3.5
-53.5
-99.5
-147.5
166.5
126.5
81
42
-2
-42.5
-92.5
-137
-177
139
105
62
23.5
-22.5
-64
-115.5
-157.5
159
111
66
14
-28
-70.5
-110.5
-159
163.5
118
72
22.5
-27
-62.5
-112.5
-150.5
163
121.5
71.5
25.5
-24
-71
-109
-154
171.5
129.5
93
43.5
2
-46.5
-92
-136
-178
145.5
97.5
57.5
11.5
-34
-86
-130
-174.5
141.5
105
61
25
-21
-63
-115
-156
156.5
113
70.5
18
-24
-67.5
-108
-154
161
111
62.5
14.5
-36
-74
-119.5
-157.5
165
123
71.5
27.5
-18.5
-63
-99
-147.5
180
136.5
94.5
47
1
-53
-99
-142.5
175
137
96.5
52.5
4.5
-39
-81
-123
-163
150
115.5
72
33.5
-10.5
-50.5
-100.5
-139
175
132.5
90
42
3.5
-44.5
-87
-133.5
-172.5
145.5
100.5
57
7
-33
-78
-117.5
-157.5
164.5
120.5
80
30.5
-17
-57
-105.5
-136
179.5
141.5
95.5
53.5
1.5
-46.5
-88.5
-136
-170
144
105.5
65.5
23.5
-26.5
-67
-109
-150
170
126
92.5
48.5
12
-30
-66.5
-112
-151.5
164.5
123
81.5
33
-7.5
-54
-94
-140
-179.5
140.5
92.5
41
-7
-44.5
-92.5
-132.5
-172
148
104
60
14.5
-31
-64.5
-108
-139
-179
145.5
100.5
56.5
8.5
-36.5
-84
-130
-161
153.5
118.5
76.5
37
-13.5
-58
-98
-142.5
177.5
131.5
96.5
50.5
8.5
-45.5
-89.5
-137.5
-177
143.5
101
64.5
16.5
-23.5
-69.5
-109.5
-152
166
126
85.5
40
-9.5
-45.5
-87.5
-122.5
-162.5
163
119
81
37.5
-7
-49
-94.5
-133.5
-177
147
101
59.5
8
-40
-84.5
-131
-167.5
147
113.5
71.5
29.5
-15
-59
-107
-149
173
129
94
48
9
-39
-76.5
-126
-168.5
151.5
107.5
74.5
26.5
-6
-45.5
-83
-132
-168
152.5
108.5
69.5
23
-13
-56.5
-92.5
-132.5
-170
144
104.5
66.5
26.5
-21.5
-62.5
-96.5
-135
-166.5
155.5
116
68
23
-19
-63.5
-103.5
-150
172
131.5
97
55
13.5
-40
-82
-122
-163.5
157
113
74.5
31
-9
-53
-93
-136.5
-178
144
102.5
62.5
19
-14.5
-56.5
-90.5
-134.5
-174.5
145.5
101.5
58
12
-25.5
-71.5
-108
-150
178
128.5
92
46.5
3
-47
-91.5
-129.5
-168.5
155.5
116
78
31.5
-12.5
-58.5
-102.5
-146.5
171
137
93
55
15
-26.5
-70
-112
-153
165
124.5
74.5
41
-5
-47
-92.5
-133
-175
147.5
105.5
62
26
-17
-51
-92.5
-126.5
-169
151
109
69.5
27.5
-20.5
-55
-101
-132.5
-176.5
145
96.5
53
13
-32
-72
-114.5
-145
175
139
99
57.5
13.5
-30.5
-74.5
-119
-157
163
126.5
84.5
45.5
3.5
-38.5
-84
-118.5
-156
162
122
82.5
51
11.5
-21
-57.5
-93.5
-135.5
-176
139.5
98
58
15.5
-18.5
-58.5
-94
-132.5
-166.5
154
119.5
78
35.5
-6
-45.5
-82
-122.5
-150
172
133.5
86
48
4
-42
-82.5
-125
-157
165
132
91.5
55.5
11.5
-26.5
-70.5
-112.5
-148.5
176
142.5
98
63.5
23.5
-13
-51
-91.5
-131.5
-167
157
111
67.5
21.5
-10.5
-50.5
-87
-129
-162.5
151.5
115
71
27.5
-14
-56
-88
-132
-160.5
162
128
82
40.5
0.5
-45.5
-83.5
-125
-160.5
161.5
128
90
48
-1.5
-43.5
-80
-120
-156.5
163.5
131.5
91.5
60
20.5
-17
-58.5
-94
-134
-171
149
111.5
75.5
33.5
2
-38.5
-70.5
-108
-140
180
142
98
58.5
14.5
-27.5
-57.5
-101.5
-129
-163
160.5
116
75.5
27.5
-9.5
-47.5
-87.5
-117.5
-156
174
136
104.5
66.5
33
-13
-48.5
-90.5
-129.5
-165
157
125
87.5
54
14
-21
-61
-94.5
-130.5
-170.5
155.5
115.5
82
40
10
-30
-61.5
-101
-136.5
-174.5
152
116
78.5
39.5
-3
-35
-70.5
-102.5
-138.5
-168
148.5
113
76.5
37
-7
-48.5
-79
-119
-147.5
176.5
142.5
100.5
66.5
20.5
-17.5
-53.5
-91.5
-128
-164
168
124.5
93
55
22.5
-25.5
-56
-92.5
-130.5
-172.5
150
112.5
68
34.5
-4
-38
-74
-112.5
-151
175.5
141
98
59.5
18
-14
-52
-83.5
-121.5
-151.5
170.5
134.5
95
57
11
-28
-64
-101.5
-134
-168
162.5
128.5
94
49.5
14
-30
-68
-111.5
-151
-179.5
142.5
112.5
72.5
39.5
-10
-46
-85.5
-123
-165
159
120.5
79
47
7.5
-28.5
-62
-95.5
-135.5
-171
154.5
116.5
76.5
34
0.5
-45
-77
-113
-145.5
170.5
134.5
96
56.5
15
-27
-56.5
-96.5
-124.5
-160.5
170
135
99
55
13.5
-24.5
-64.5
-106.5
-144
-173.5
149
119
81.5
47.5
0.5
-39.5
-81.5
-121
-163
161.5
134
92
55.5
12.5
-21.5
-57.5
-89.5
-133
-169
152.5
114.5
75
34.5
2
-42
-78.5
-114.5
-145
177.5
145
106.5
71
27.5
-13
-47.5
-87.5
-115
-148.5
-174.5
151.5
117.5
79
41.5
-2.5
-42.5
-85
-129.5
-155.5
164.5
132
94.5
60.5
18.5
-21.5
-60
-94
-134
-171.5
153
107.5
77.5
35
5
-37
-74.5
