0
2821.8
4760.4
7621.8
1999.8
4255.2
6177
0
4166.4
2982
0
0
933.6
3897
0
1268.4
2062.8
0
1614
0
787.8
2331.6
0
2728.8
0
1165.8
768
0
3115.2
0
2701.8
0
771.6
4209
1135.8
2334
0
5751.6
0
1332
2943
0
3266.4
1998
0
3169.8
0
4677.6
2392.2
0
3252
0
1187.4
1930.2
0
5856.6
0
1336.2
2526.6
0
2868.6
2389.8
0
1206
2353.8
2646
2682.6
0
2728.8
0
777
2257.8
750
2277.6
0
2721.6
0
769.8
1510.8
1118.4
1903.8
753.6
1519.8
0
2683.8
0
1530
1497.6
376.2
2654.4
378.6
1536
0
3452.4
0
3039.6
378.6
1128.6
1525.8
1125.6
1126.8
0
2662.2
0
2296.8
0
772.2
1900.8
1112.4
2256.6
0
2678.4
0
2685.6
0
772.8
2265
1116
2610.6
745.8
2635.8
0
2709
0
1916.4
1510.8
744.6
2268
747
1881.6
0
2686.8
0
3058.2
0
1143.6
1140
746.4
2256.6
0
2713.2
0
2658
0
1150.2
1899.6
1124.4
2626.2
0
2674.2
0
3793.8
0
1152
1522.2
1123.2
2262.6
748.2
1886.4
0
3044.4
0
3079.8
761.4
1129.8
2654.4
1111.8
1868.4
0
2693.4
0
3801.6
0
766.2
1896.6
743.4
2237.4
1120.8
2247.6
0
3465
0
1921.2
1512
1114.8
2263.8
374.4
2277.6
0
3066
0
1911.6
749.4
1122.6
1509.6
751.2
1518
0
3064.2
0
3409.2
0
765.6
2284.2
751.8
1886.4
0
2301.6
0
3444
0
1153.2
2280.6
1124.4
1888.2
744
2614.8
0
3447.6
0
3056.4
378.6
1122.6
2268
746.4
1882.8
0
2712
0
3053.4
0
1147.8
1882.8
1116.6
1883.4
1132.8
1878
0
3066
0
2270.4
751.2
745.8
1891.2
750.6
2270.4
0
3836.4
0
3037.8
0
1152
2666.4
1127.4
2238.6
0
3816.6
0
3814.8
0
770.4
1907.4
1115.4
1507.8
746.4
1878.6
0
3063
0
3061.2
753.6
749.4
2646
1111.2
1873.2
0
3089.4
0
2312.4
0
1144.2
1127.4
741
2254.8
751.8
2635.8
0
3452.4
0
1522.2
1120.8
749.4
2260.2
1120.8
2265.6
0
3073.8
0
3415.8
0
1147.2
2290.2
1129.8
1878.6
0
2665.2
0
3075.6
0
1153.8
2286.6
374.4
2255.4
1114.2
1854.6
0
2686.8
0
1543.2
1132.8
745.8
2272.8
739.8
2619.6
0
3072
0
2709
0
765.6
2263.8
1122.6
1876.2
0
3465
0
3771
0
759
1880.4
1119.6
2248.8
1124.4
2255.4
0
3449.4
0
3024
0
766.2
1901.4
748.8
2279.4
0
2683.8
0
2269.2
0
764.4
1899
754.8
2255.4
748.8
2235.6
0
3061.2
0
2692.2
0
1141.2
2272.8
1105.2
1496.4
0
3055.2
0
2683.8
0
760.8
1875
1113.6
1876.8
1121.4
1871.4
0
3069
0
2281.8
0
1138.2
1511.4
743.4
2256.6
1122
2260.2
0
2674.2
0
2639.4
0
762.6
2287.8
1123.8
2265
0
3061.2
0
2634
0
772.2
1905.6
752.4
1500
1129.2
2224.2
0
2299.2
0
3064.2
757.8
1117.2
1888.2
736.2
2234.4
0
3064.2
0
2305.2
0
1143.6
2257.8
1105.8
1879.8
750.6
2242.2
0
3463.2
0
3786
0
1135.8
2269.2
747.6
2644.8
0
3102.6
0
3050.4
0
1887
1507.8
747
2654.4
1125
2242.2
0
3421.2
0
3033.6
0
767.4
1904.4
746.4
2245.8
747.6
2234.4
0
2676
0
3811.2
0
1147.2
2269.2
1116
2243.4
0
3061.2
0
2693.4
0
763.8
2271.6
745.8
2250
744.6
2238.6
0
3438.6
0
2300.4
0
1135.8
1891.2
1117.8
1891.8
0
2319.6
0
3044.4
0
1515
1516.8
1112.4
1522.2
1116
2251.2
0
2674.2
0
3021
0
1906.2
1513.8
1122
2626.2
748.2
2232
0
3421.2
0
3397.2
0
771
1501.8
1115.4
2244.6
741.6
2607
0
3444
0
3056.4
0
762
1508.4
1113
1878.6
1116
1883.4
0
2693.4
0
3028.8
0
757.2
1890
1117.2
1873.8
1129.8
1506
0
2665.2
0
2631.6
0
762
1894.8
1115.4
1493.4
0
2673
0
3015
0
1525.2
757.2
747.6
2268
372
1873.2
0
3445.8
0
2299.2
0
1159.8
2260.2
745.2
2237.4
744.6
2243.4
0
2686.8
0
3423
0
759.6
1499.4
744
1509
748.8
1873.2
0
2296.8
0
3395.4
0
382.2
1896.6
1117.8
1885.2
0
3036.6
0
2278.2
0
765.6
1132.8
1119
1887
1113.6
1497
0
3403.8
0
2677.2
0
1533
1140.6
1113.6
2265.6
370.8
2247.6
0
2689.8
0
2659.8
0
763.8
1508.4
737.4
1122
373.2
1508.4
0
3067.2
0
2654.4
0
1132.2
1122
744.6
1873.8
1120.8
1879.8
0
3037.8
0
3018
0
762.6
1876.8
1116
1878.6
1118.4
1488
0
2673
0
2280.6
0
1144.2
1510.8
1117.8
1497.6
741.6
2236.8
0
3016.8
0
2659.8
0
1530.6
1128
371.4
1889.4
1103.4
1495.8
0
2665.2
0
2674.2
0
1516.2
1123.2
742.2
1494.6
372
2629.2
0
3058.2
0
3037.8
0
2635.8
741
744.6
1507.8
747.6
2626.2
1124.4
1866.6
0
3042.6
0
3001.8
0
1140.6
1517.4
1113.6
1875
1113.6
1868.4
0
2276.4
0
3045.6
0
1149.6
1878
1110.6
1876.8
738
1482
0
2673
0
3424.8
0
1140.6
1881.6
1113
2230.8
743.4
1868.4
0
2316
0
3019.8
0
1511.4
1492.8
743.4
1876.2
1114.2
1495.8
0
2659.8
0
3039.6
0
2644.8
372.6
747.6
2270.4
1113.6
2630.4
742.2
1855.8
0
3395.4
0
2661
0
1145.4
2270.4
1105.8
2239.8
736.2
2584.8
0
3438.6
0
3051.6
0
1518
1125
1108.2
1491.6
1101.6
2244.6
1113.6
1867.8
0
3442.2
0
3787.8
0
751.8
2242.2
1114.8
2239.8
1115.4
2620.8
0
3411
0
3015
0
2630.4
748.8
1110
2643.6
1113
1873.8
745.2
2604
0
3024
0
3019.8
0
763.8
2265
1116.6
1864.8
740.4
2225.4
0
3414
0
3012
0
2673
755.4
1107.6
2253.6
1101.6
1849.8
1111.2
2239.8
0
3058.2
0
3015
0
1135.8
2225.4
1104.6
2265
741
2613
0
3073.8
0
3397.2
0
3019.8
0
380.4
1891.8
1116.6
2619.6
1120.8
2225.4
0
3405.6
0
3393.6
0
1143
2632.8
1114.8
2602.8
1111.2
2239.8
0
3015
0
3015
0
2292.6
374.4
747.6
2247.6
735.6
2590.2
737.4
2234.4
0
3050.4
0
3426.6
0
758.4
1857.6
1101.6
2243.4
1107
2233.2
0
3463.2
0
3409.2
0
2640.6
373.2
1121.4
2255.4
1113.6
1873.2
1125
2217
0
3409.2
0
2998.8
0
1135.8
2260.2
1113.6
1523.4
1110
2230.2
0
3415.8
0
2650.2
0
1909.2
1511.4
1108.8
2247.6
1104
1857.6
1103.4
1863
0
2678.4
0
3036.6
0
1140.6
1494.6
1104.6
1855.8
1107.6
1486.8
0
3051.6
0
3403.8
0
1508.4
742.8
1109.4
2635.8
746.4
2623.8
747.6
2224.2
0
3407.4
0
3366.6
0
1137
2259
745.2
2652.6
1114.8
2600.4
0
3765
0
3419.4
0
2298
374.4
1120.8
2254.8
1105.8
2218.8
1096.8
2584.8
0
3409.2
0
3050.4
0
759.6
1878.6
1101.6
2244.6
1113
2236.8
0
3050.4
0
3033.6
0
2652.6
373.8
370.8
2272.8
1110
2248.8
741
2265
0
