4.1
4.2
4.1
4.2
4.3
4.1
4.1
4.5
4.3
4.7
4.4
4.6
4.7
5.2
5.4
5.4
5.4
5.4
5.6
6.4
6.7
6.6
6.4
6.8
6.9
7.8
8.1
8.2
8.4
8.6
8.3
8.2
9.6
9.5
8.8
8.9
8.7
8.9
8.6
9.6
9.2
9.3
9
8.7
8.3
8.4
8.1
8.5
8.3
8
7.8
7.9
8.1
8.1
8.5
9.5
9.7
9.7
9.8
10.1
10.4
10.6
10.8
10.7
12.4
13.2
12.8
14.7
13.8
13.7
14.6
14.8
15.6
15.7
15.5
15.5
16.7
16.2
16.1
15.7
15.6
15.1
14.8
14.6
14
13.6
13.5
13.1
12.8
12.4
11.9
11.5
10.9
10.5
11.2
10.5
10.5
11
11.4
11.4
11.6
12.2
12.5
12.6
13.2
13.3
13.6
13.7
14.1
14.1
14.4
14.4
15.4
16.1
16.8
17.7
17.9
18.5
18.8
18.6
18.4
18.1
18.2
17.8
15.9
15.7
15.4
15.5
14.8
14.7
14.1
13.8
13.6
13.1
12.7
12.1
12
11.6
10.7
10.3
9.8
9.8
10.2
10.5
10.7
10.8
10.3
10.2
10.8
10.9
11.2
11.1
11.8
12.1
12.2
12.5
12.5
13
13.4
13.8
14.6
14.6
15.1
15.5
14
13.8
13.8
13.4
13.4
13.1
13
12.8
12.4
12.2
12
11.7
11.5
11.3
11
10.6
10.5
9.2
8.8
8.6
8.2
7.8
8.1
8.1
8.3
8.4
8.4
8.7
9.1
9.2
9.2
9.4
9.6
9.6
8.9
9.3
