49340.6
-119538
-40795.4
-5218.91
9533.57
14481.2
15012.1
13723.3
11835.4
9896.69
8131.53
6612.3
5343.36
4301.43
3454.5
2770.26
2219.52
1777.25
1422.59
1138.44
678.422
1059.56
1106.03
1013.99
875.74
965.33
271.584
199.388
-482.48
-474.521
-824.443
-1515.02
-1407.3
-1624.04
-1948.89
-2284.51
-2590.87
-2854.9
-3075.58
-3024.38
-3735.04
-4046.37
-3934.35
-4529.69
-4715.43
-4718.76
-4648.79
-4556.5
-4172.27
-4712.62
-4601.68
-5130.74
-4997.37
-5477.89
-5522.89
-5156.69
-5528.14
-5292
-5469.45
-6027.09
-5815.53
-5950.47
-6443
-6163.81
-6236.87
-6676.01
-6352.17
-6388.53
-6504.7
-6548.15
-7553.09
-7367.86
-7358.1
-7652
-7172.46
-7297.02
-6785.24
-6703.13
-6801.1
-6961.3
-6897.88
-7616.86
-7711.4
-8412.21
-8419.95
-9015.19
-9092.45
-8861.32
-9292.7
-9104.61
-9553.06
-9578.26
-9199.15
-9561.74
-9551.73
-9161.19
-9523
-9284.06
-9461.72
-9728.08
-10141.7
-10470.6
-10756.7
-10997.1
-11195.3
-11356.6
-11487.2
-11592.3
-11676.8
-11744.6
-11798.9
-12014.8
-11778.9
-11283.7
-10758.4
-10041.1
-10184.2
-10024.2
-9758.87
-9245.49
-9549.74
-9517.59
-9354.11
-9154.43
-8960.25
-8787.68
-8641.01
-8751.87
-8029.51
-8048.75
-7395.84
-7428.71
-7099.59
-6426.1
-6547.71
-6342.19
-6026.37
-5465.51
-5728.24
-5661.11
-5468.75
-5245.54
-5032.3
-4844.38
-4452.88
-4884.61
-4969.44
-4907.03
-4791.96
-4899.83
-4220.58
-4159.92
-3719.74
-2939.28
-2966.26
-2448
-2628.99
-2206.07
-2449.39
-2301.85
-1780.23
-2026.65
-1690.13
-2019.6
-1949.5
-1494.08
-1795.6
-1736.71
-1539.56
-1306.81
-1083.1
-885.376
-717.817
-579.08
-465.745
-141.408
-630.615
-530.808
-838.391
-1510.67
-1628.57
-1512.94
-1315.46
-1104.99
-910.36
-741.537
-599.915
-483.337
-388.433
-311.688
-249.881
-200.23
-160.406
-128.494
-102.938
-82.4806
-66.1067
-53.0032
-42.5181
-266.623
