-36331.4
25007.9
11138.8
4477.78
1366.09
-15.0023
-565.45
-728.274
-720.487
-644.413
-549.532
-455.866
-372.333
-300.756
-241.53
-193.226
-154.041
-122.423
-96.7929
-75.5809
112.297
7.48607
-34.6864
-46.9659
-46.5605
-211.406
-86.3005
-198.052
-52.7834
-159.652
-187.984
-10.4854
-107.391
-137.145
-137.073
-124.107
-107.891
-91.496
-77.309
-235.169
-107.483
-46.511
-190.126
-60.6871
-4.28331
17.7664
23.2792
22.4563
-152.873
-39.9555
-163.317
-28.2179
-143.651
-7.57629
46.7913
-107.696
9.18216
-117.34
-159.206
8.36079
-97.5031
-133.04
34.3827
-74.4312
-111.765
52.9908
-59.0501
-98.6831
-108.919
-275.758
23.7285
-30.7939
-51.385
114.011
-3.14641
119.089
-14.4203
-69.7532
-87.2522
-88.3377
-253.584
-128.102
-238.965
-92.892
-199.509
-55.8437
4.56602
-146.012
-25.3509
-148.827
-17.3126
33.9534
-123.501
-8.0812
36.7441
-124.136
-9.62212
-136.58
-178.498
-182.528
-170.64
-153.233
-135.76
-120.057
-106.043
-94.7457
-85.2548
-77.6856
-71.252
-66.3959
-62.1965
112.145
169.046
172.681
154.836
-40.7609
51.8084
81.9044
83.6018
-97.7949
6.28784
44.8513
53.7606
49.2674
38.5225
28.4614
18.8802
182.073
56.7095
169.707
25.6011
133.903
163.104
-13.8299
85.0432
114.889
114.659
-69.3023
31.6168
67.8235
74.1849
68.4616
58.6768
48.0258
-133.151
-24.0629
20.4893
35.3618
37.4056
204.608
81.1655
193.757
221.271
40.1369
134.045
-11.5289
101.71
-32.6279
87.5848
128.494
-37.1842
70.5881
-62.6143
61.2616
104.578
-57.9659
53.4582
93.6644
101.883
96.0236
85.4101
73.7657
62.6934
53.1972
45.1813
-132.776
-20.4063
-143.6
-179.638
-6.08389
65.0679
86.8141
87.873
80.3511
69.8492
59.2456
50.3215
42.4115
36.0185
30.7112
26.319
23.0719
20.618
18.4264
16.5888
15.3166
14.3381
13.3946
11.9394
182.95
