95.5
0
0
0
0
0
0
0
0
0
0
0
0
0
0
0
0
0
0
0
-0.45
-0.45
-0.45
-0.45
-0.45
0
0
0.45
0.45
0.9
1.35
1.35
1.8
2.25
2.7
3.15
3.6
4.05
4.5
5.4
5.85
6.3
7.2
7.65
8.1
8.55
9
9.45
10.35
10.8
11.7
12.15
13.05
13.5
13.95
14.85
15.3
16.2
17.1
17.55
18.45
19.35
19.8
20.7
21.6
22.05
22.95
23.85
24.75
26.1
26.55
27.45
28.35
28.8
29.7
30.15
31.05
31.95
32.85
33.75
35.1
36
37.35
38.25
39.6
40.5
41.4
42.75
43.65
45
45.9
46.8
48.15
49.05
49.95
51.3
52.2
53.55
54.9
56.25
57.6
58.95
60.3
61.65
63
64.35
65.7
67.05
68.4
69.75
71.1
72
72.9
73.8
74.7
76.05
76.95
77.85
78.75
80.1
81
81.9
82.8
83.7
84.6
85.5
86.4
86.85
87.75
88.2
89.1
89.55
90
90.9
91.35
91.8
92.25
93.15
93.6
94.05
94.5
94.95
95.4
95.85
96.75
97.2
97.65
98.1
98.55
98.55
99
99
99
99.45
99.45
99.9
99.9
100.35
100.35
100.35
100.8
100.8
101.25
101.25
101.25
101.7
101.7
101.7
101.7
101.7
101.7
101.7
101.7
101.7
101.7
102.15
102.15
102.6
103.05
103.05
103.05
103.05
103.05
103.05
103.05
103.05
103.05
103.05
103.05
103.05
103.05
103.05
103.05
103.05
103.05
103.05
103.05
103.05
103.05
102.6
