4.2
4.1
4.1
0.6
3.8
4.2
4
5
4.9
5
4.7
5.8
5.8
5.6
5.6
6.7
6.5
6.6
6.7
7.4
7.6
7.4
7.3
8.2
8.1
7.8
8.1
8.6
8.6
8.6
8.4
8.3
9
8.9
8.8
8.6
9.5
9
8.8
9
9.3
10
10.3
10.2
10.2
10
10.9
10.9
11.9
11.7
11.9
12
13.1
13.4
13.5
13.8
13.8
13.9
14
14.2
15.3
15.8
15.2
15.2
15.4
16.4
16.6
17.1
17.4
16.9
17.2
17.2
17.6
18.1
18.9
18.2
18.4
18.4
18.6
17.4
17.5
18.5
18.3
17.9
18
17.5
17.4
17.1
17
16.9
16.5
16.4
16
15
14.7
13.9
14.1
13.8
13.6
13.6
13.7
13.2
12.8
12
11.6
11.5
11.2
11
10.7
10.8
9.6
9.8
9.9
10.2
10.4
9.8
9.6
9.7
9.9
9.8
8.9
9
9.3
9.3
9.2
8.4
8.4
8.6
8.8
7.7
8.1
7.8
7.7
7.2
6.9
7.1
6.9
6.3
6.5
6.4
6.4
5.6
5.7
5.6
5.8
4.7
4.8
4.8
4.9
4.2
4.1
4.3
4
4.1
4.2
4.1
4.1
4.3
4.5
4.5
4.8
4.5
5.7
5.5
5.3
5.4
6.3
5.9
6.2
6.1
6.2
7
7
6.8
6.8
7.5
7.5
7.5
7.4
7.3
8.1
8.1
7.7
7.6
7.4
8.2
8.1
8.1
8.2
8.4
9.1
9.3
9.4
9.4
9.8
9.7
9.7
10.8
10.7
10.7
11.1
11.2
10.9
11.5
12.4
12.4
12.8
12.8
12.3
12.3
13
13.5
13.9
13.7
13.7
14.1
14.2
14.4
14.7
13.9
13.9
14.1
14.2
15
14.9
15
15.2
15
14.7
14.7
14.5
14.1
13.5
13.2
13.6
13.7
13.4
12.2
12.1
12.2
11.9
11.7
11.9
11.6
10.2
10
9.7
9.4
9.8
9.2
8.8
8.7
8.8
8.9
7.7
7.8
7.6
7.5
7.1
6.7
6.8
6.9
6.8
6.4
6.5
6.6
6.4
6
5.8
5.9
5.7
5.1
5
5.1
5
4.2
4.4
4.4
4.5
4.2
4.1
4.2
4.1
3.9
4.2
4
4.1
4.8
4.8
4.6
4.7
4.6
5.6
5.6
5.7
5.5
7.1
7
7.1
6.9
8.1
7.8
8
7.6
7.7
9
8.9
8.9
8.8
8.7
9.5
9.7
9.3
9.5
9.2
10.2
10
9.8
9.6
9.4
10
10
10.4
10.2
10.1
9.9
10.8
10.6
10.5
10.3
10.4
9.9
10.5
10.6
10.8
10.7
11
10.9
10.9
10.9
12
11.6
11.8
11.6
12.6
12.9
13.1
13.1
13.5
13.2
13.3
13.7
13.8
13.7
14
14.2
14.5
14.4
14.7
14.4
14.5
15.8
16
16
16
16.4
16.6
16.7
17.1
17.1
17.2
17.3
16.8
15.7
15.7
15.8
16.6
15.2
15
14.6
14.7
14.8
14.5
14.5
14.3
12.9
12.8
12.3
12.2
12.3
12.2
11.2
10.4
10.4
10.5
10.5
10.5
9.6
9.2
9.1
9.2
9.1
7.9
7.8
7.6
7.7
7.5
7.2
7.3
7.1
7.3
6.5
6.6
6.5
6.6
6.5
6.1
6.1
5.8
6.2
5.2
5.3
5.3
5.3
5.4
4.9
4.6
4.9
4.8
4.1
4.2
4.1
4.1
4.1
4.2
3.9
4
3.8
4.1
4.6
4.7
4.4
4.7
5.4
5.8
5.6
5.5
5.4
6.6
6.7
6.4
6.3
6.3
7.3
7.5
7.3
7.2
7.2
7.7
8.1
7.7
7.8
7.7
8.9
8.8
8.8
8.6
8.5
8.2
9
8.8
8.6
9
8.3
8.4
9.1
8.8
9
9.1
9.1
9.1
9.1
9.8
10.3
10.2
10.2
10.5
10.4
10.1
10.3
10.4
11
11.1
11.2
12.3
12.8
12.8
12.9
13
13.2
