-163286
205995
-50859.1
173116
-207702
51151.3
-9867.11
1727.56
-280.094
50.674
-2.47562
6.90888
5.62661
5.62298
5.59276
6.69679
6.49586
-528.781
682.074
-159.37
-495.567
141.772
516.839
-661.882
174.71
-23.6665
14.3276
-527.082
684.75
-692.943
181.243
-23.4661
16.0045
9.19985
-525.174
149.828
519.368
-659.677
-358.734
654.172
-685.358
718.545
-160.062
-1025.55
821.689
-180.696
50.2924
-528.372
690.842
-688.104
186.65
-17.8845
21.9901
15.5851
-518.588
692.291
-1220.58
864.631
-182.016
-479.443
152.492
529.262
-651.135
-349.792
1198.46
-280.368
-456.332
150.568
531.488
-114.16
-487.779
691.643
-679.995
193.955
-9.70335
563.721
-653.536
-345.666
1201.51
-279.345
-990.813
1362.72
225.621
-1124.94
317.325
-35.8588
567.32
-655.57
-346.947
664.415
395.137
-1158.68
321.686
386503
-487058
120281
-23213.1
4609.45
-257.837
-523.029
-372.868
663.55
390.272
-628.247
-358.733
659.34
-146.32
46.0742
-526.388
690.854
-153.543
45.8057
8.0401
550.276
-125.983
40.3549
7.913
13.6417
548.287
-662.419
178.802
515.302
-121.937
-497.104
1217.79
-830.454
209.766
508.669
-122.138
-499.481
680.712
379.07
-633.705
705.621
-162.505
576.599
-137.577
35.2654
2.15137
7.85155
542.27
-133.755
33.0864
0.775292
6.59927
4.56884
4.81828
4.7951
4.89898
4.19894
4.09927
4.29951
3.99976
4.10001
4.20027
4.10052
4.10077
4.30129
4.50153
4.50178
4.80203
4.50228
5.70253
5.50279
540.68
-669.975
173.068
509.065
-663.55
171.938
509.516
-662.773
708.22
-700.64
714.548
-165.638
40.042
1.10012
543.108
-668.854
709.643
370.634
-635.913
167.36
510.261
-127.581
32.7047
536.919
-668.28
173.159
510.401
-662.337
708.731
-164.547
575.661
-1209.31
850.285
344.536
-93.9471
28.3956
4.22005
544.068
403.035
-640.237
170.572
1047.97
-800.853
201.65
-28.9883
549.683
-667.831
711.414
-1233.49
857.076
344.769
-92.3096
29.9879
5.63497
-385461
486817
-120737
23370.7
-4072.54
685.753
-98.4804
26.9956
7.53601
545.756
-130.39
-498.931
679.399
377.858
-635.449
704.081
-698.723
715.66
-165.382
-496.301
140.039
515.481
-664.467
-363.348
649.531
-690.595
175.831
-27.8969
10.4009
-531.953
-390.452
652.762
-1228.29
-219.66
620.757
-150.45
-500.353
674.694
-696.797
-358.944
646.972
-692.204
175.554
-27.848
-524.731
143.571
-21.9953
10.1439
-531.03
680.252
-697.617
176.864
-27.9438
-525.15
678.801
-697.516
176.566
-28.811
10.1544
3.45053
4.65358
4.17708
4.10445
4.19992
4.10033
3.89997
4.19947
3.99923
4.09898
4.79873
4.79847
4.59822
4.69797
4.59772
5.59747
5.59721
-529.68
680.875
-159.669
39.211
-533.905
683.205
-694.195
715.412
-699.775
180.743
-24.8422
15.4005
8.56888
9.67622
-525.978
684.705
-692.02
182.539
-22.465
551.882
-665.878
178.368
-20.9881
-518.698
685.298
-155.965
-491.935
681.008
-689.562
183.517
-21.0145
552.905
-1199.03
854.774
-186.625
-485.355
145.724
-13.9049
-517.719
687.711
-688.71
185.405
-18.8771
19.7895
13.0855
-521.188
155.114
-12.023
-514.989
689.943
385.107
-1161.89
853.388
354.193
-1155.8
317.201
494.54
-111.632
-492.125
152.919
527.138
-652.083
184.877
-13.2941
560.076
-1192.89
1396.56
-318.81
-450.376
148.389
530.261
-114.686
-1023.75
831.145
363.497
-616.972
181.954
-9.46292
26.6508
385490
-486252
120626
-23313.9
4095.86
-1191.59
801.971
370.077
-621.962
179.003
-12.9554
558.91
-1194.99
858.857
-182.935
589.188
-130.489
-491.565
684.722
-152.397
45.621
8.03595
549.944
-126.511
39.5262
6.88439
547.79
-663.797
713.773
-161.809
42.6993
-531.648
1221.29
-832.913
208.087
-28.66
550.916
-131.898
35.3193
3.00471
8.56053
543.102
-132.227
-501.262
677.282
375.84
-636.466
166.987
510.016
-128.6
31.7825
0.720626
-529.7
1215.23
-837.225
203.776
-33.7399
10.7543
3.01955
4.27239
4.07295
4.20445
3.89988
4.00087
3.80101
4.10128
4.60153
4.70178
4.40203
4.70228
5.40253
5.80279
5.60304
5.50329
540.78
-668.775
173.469
509.566
-663.45
172.139
510.616
-662.273
708.52
-164.863
39.5695
1.32658
8.42694
6.92442
542.578
-668.306
175.043
511.339
-126.2
33.8099
537.952
-667.652
174.388
510.73
-127.032
33.5818
1.74612
7.29813
542.471
-133.062
33.8799
537.145
-132.609
33.2247
-534.218
682.839
375.645
-100.705
28.197
538.217
-668.094
172.991
-25.6661
12.254
541.679
-1203.27
849.553
-190.444
582.248
-137.524
-498.401
1214.36
-297.135
