-2.0981e+06
711915
-150479
2.12548e+06
-716550
151233
-27497.4
4653.99
-756.333
119.852
-18.6866
2.87576
-0.445097
0.0620165
-0.0155694
-0.00471855
-0.00689683
-6879.01
2334.14
-493.383
-6789.25
-4560.07
1843.23
2130.98
-4470.24
-5050.98
-4946.4
-11843
-2627.01
-12334
-9416.64
-10015
-9907.55
-9925.61
-16801.7
-14468
-8082.31
-17205.7
-21272.4
-12639.9
-17807.9
-12463.2
-15392.8
-28550.5
-17110.9
-20413.7
-19743.7
-26742.4
-17509.2
-22272.6
-24301.2
-24899.6
-24792.2
-24810.2
-31686.3
-22473.6
-37803.9
-26928.7
-30354.5
-36542.9
-34331.8
-27925.6
-34550.3
-41118.5
-25607.1
-30664.1
-34000.8
-34342
-27923.9
-30173.6
-36573.6
-27447.8
-37139.5
-32973.7
-34822.6
-27836.2
-33342
-41116
-25607.4
-30664.1
-43363.3
-25128.8
-23872.4
-35084.8
-33851
-34892.3
-23503.1
-37069.4
-41115.7
-32486.5
-28329.9
-43856.6
-38797.1
4.92679e+06
-1.71187e+06
321065
-93943.6
-16892
-25088.4
-31744.3
-36212
-27515.9
-23369.8
-32015.9
-36169.7
-20163.4
-30247.8
-29681.9
-29286.1
-27432.7
-30263
-29679.4
-29784.4
-22887.8
-25224.8
-24730.9
-19177.2
-24805.6
-17929
-27141.8
-24314.3
-12425.9
-20247.6
-26650.9
-10645.7
-22671.6
-19263.3
-13072.1
-15283.6
-21689.8
-12563.1
-8496.93
-17129.3
-7527.38
-10427.1
8344.23
-5393.7
-4882.33
-4975.01
-4959.35
1917.12
-416.628
76.6844
-13.0695
2.12737
-0.34235
0.049559
-0.0110565
-0.00123255
-0.00183249
-0.00120137
-0.000825102
-0.000402887
1.15866e-05
0.000427315
0.000842844
0.0012584
0.00209764
0.00250982
0.00291926
0.00333646
0.00375169
0.00416731
0.00458285
6879.01
-2334.14
493.381
6789.25
-2318.94
490.911
6789.64
-2319
7369.93
-2423.51
7387.53
33018
5053.83
4945.95
11843.1
2627
12334
16295.6
7680.83
10400.9
16714.9
14482.7
14958.9
21750.9
12552.5
15377.7
21673.9
12565.7
32098.7
19340.1
26817
10617.5
22676.2
26141.6
31837
24866.7
24797.5
31688.4
36231.3
27511.8
30249.5
43439.6
34468
35298.4
39526.1
41627
32393.8
42103.6
25427.8
37573.5
41024.2
43684.2
39751.3
39682.1
-4.90704e+06
1.72716e+06
-317872
104816
28660
41486.2
41263.1
39736.6
39685.5
50297.8
44237
37851.6
46974.9
51041.6
44886.5
52011.1
42232.4
54520.2
49106.5
42828.7
45054.9
53322.9
42332.4
38266.1
46898.6
39798.6
40196.3
39600.8
39707.8
32810.8
30779.2
36988.2
20492.5
18849.7
26973.6
24342.9
21138.6
27127.4
17437.7
13473.2
22088.5
12489.3
15388.5
14793.1
8021.09
10337.2
9846.78
9936.08
10598.4
12257.6
2550.65
5467.99
4869.64
-1901.93
7293.17
-2410.44
506.383
-91.8824
15.538
-2.52054
0.401722
-0.0606301
0.0108336
-0.00064864
0.000627128
-4.55726e-05
-0.000845858
-0.00126392
-0.00167248
-0.00208981
-0.00250502
-0.00292064
-0.00333618
-0.00375174
-0.0041673
-0.00458285
-6879.01
2334.14
-493.381
89.7573
-6894.21
2336.61
-7372.78
2423.96
-7387.6
-4452.63
-5053.83
-4945.95
2611.52
-4961.15
-11840.6
-2627.39
-12333.9
-9416.64
-10015
-3028.54
-12259.8
-9429.31
-10012.9
-16786.9
-7591.41
-10416.1
-16712.4
-7604.13
-17293
-14378.6
-8141.26
-7990.09
-24100.3
-12056.7
-15467.8
-21658.7
-19447.2
-19920
-26712.6
-14394.1
-27218.2
-24301.3
-24899.6
-24792.2
-24810.2
-31686.3
-29352.6
-26098.9
-36635.2
-27437.2
-23383.3
-38892.7
-24467.5
-23470.9
-38877.8
-33838.3
-28015.4
-30158.1
-34084.3
-34326.4
-27926.4
-37052.2
-30511.1
-34820.2
-27836.6
-43946.4
-25023.9
-30769.1
-36466.6
-31227.8
-27923.5
-30173.6
-39121.2
-31992.7
-28419.8
-36962.4
-34254.7
-34817.7
-34716
4.91815e+06
-1.7116e+06
327378
-94816
-12526.2
-38440
-27151.1
-23427.9
-32006.8
-29292.1
-29856.4
-22875.4
-33447.4
-26941.3
-30352.4
-22785.3
-17773.2
-31607.1
-22487.1
-25298.9
-24718.3
-24822.8
-17926.2
-20263.2
-19769.4
-19859.2
-6720.22
-22180.6
-12473.7
-15391.1
-14792.7
-21779.2
-5668.94
-9056.34
-14301.4
-14989.6
-7987.94
-10342.6
-9845.93
-9936.22
-9920.94
-3044.41
-5378.17
-11763.9
-2640.46
1426.22
-7206.26
-4483.31
1830.16
-401.874
74.2837
-12.6882
-6876.94
9212.82
-2827.47
583.129
-104.962
17.6669
-2.86268
0.452156
-0.0704331
0.0112757
-0.000815403
0.00151055
0.00163576
0.00209529
0.0025042
0.00292076
0.00333617
0.00375174
0.0041673
0.00458285
0.00499841
0.00541397
6879.01
-2334.14
493.381
6789.25
-2318.94
490.912
6789.64
-2319
7369.93
4455.49
5053.38
4946.02
4964.07
4961.15
11840.6
2627.39
5454.92
11750.8
9521.61
9997.31
16789.4
21547.6
10416.1
16712.4
14483.1
14958.9
14871.9
14886.7
21763.3
26904.3
19922.9
26712.1
24393.2
24884.1
17915.7
27144
31193
29442.4
34120.1
36637.6
27436.8
36384.7
29679.5
29784.4
36645.8
20556.5
32596.7
29186.1
36753.2
34296.4
32889.7
43930.4
45497.3
