152.5
152.5
152.5
0
0
0
0
0
0
0
0
0
0
0
0
0
0
0.5
0.5
0.5
1
1.5
1.5
2
2.5
3
3.5
4.5
5
6
7
8
9
10
11.5
13
14
15.5
17.5
19
21
22.5
24
26.5
28.5
30.5
32.5
35
37
39.5
42
44.5
47
49.5
52.5
55
58.5
61.5
64.5
68
71.5
74.5
78
82
85
88
91.5
95
98
101
104.5
107.5
111
114.5
118
121
124.5
128.5
131.5
134.5
138.5
141.5
144
147.5
151
154.5
157.5
161
165
168.5
171.5
175.5
179.5
-177.5
-174
-170.5
-167
-164
-161.5
-158.5
-155
-152
-149.5
-146.5
-143
-140
-137
-134
-130.5
-127.5
-124.5
-121.5
-118.5
-116
-113.5
-111
-108.5
-106
-104
-101.5
-99
-97
-95
-92.5
-91
-89
-87
-85.5
-84
-82
-80.5
-79.5
-78
-77
-76
-75.5
-75
-74.5
-74
-73.5
-73.5
-73.5
-73.5
-73.5
-73.5
-73.5
-73.5
-73.5
-73.5
-73.5
-73.5
-73.5
-73.5
-73.5
-73.5
-73.5
-73.5
-73.5
-73.5
-73.5
-73.5
-73.5
-73.5
-73.5
-74
-74
-74
-74.5
-74.5
-74.5
-75
-75
-75.5
-75.5
-76
-76.5
-77
-77.5
-78.5
-79
-80
-81.5
-82.5
-83.5
-85
-86.5
-88
-90
-91.5
-93
-95
-96.5
-98.5
-100.5
-103
-104.5
-106.5
-109
-111.5
-114
-116.5
-119.5
-123
-126
-129
-133
-136.5
-140
-143.5
-147.5
-151
-155
-158
-161.5
-165.5
-169.5
-173.5
-177.5
178.5
174
170
166
162
158
154
150
146
141.5
137
133
128.5
123.5
119
114
109.5
104.5
99.5
95
90.5
85.5
81
77
72.5
68.5
64.5
60.5
56.5
53
50
46.5
44
42
39.5
37
35
32.5
30.5
29
27
25.5
24
22.5
21.5
20.5
19.5
18.5
18
17
16.5
16
15.5
15.5
15
15
15
15
15
15
15
15
15
15
15
15
15
15
15
15
15
15
15
15
15
15
15.5
15.5
15.5
15.5
16
16
16.5
16.5
17
17.5
18
18.5
19
19.5
20.5
21
22
23
24
24.5
25.5
26.5
27.5
29
30
31
32.5
33.5
35
36.5
38
39
41
42.5
44
46
48
50
52.5
54.5
57
59.5
62
64.5
67
70
73
76
79.5
82.5
85
88.5
91.5
94
97.5
101
104
107
110.5
114
117
120.5
124
127.5
130.5
134.5
137.5
140.5
144
147.5
150.5
153.5
157.5
161
164
167.5
171
174.5
178
-178.5
-175
-172
-169
-166
-162.5
-159.5
-157
-154
-151
-148
-145.5
-142
-139
-136
-133.5
-131
-128
-125.5
-123
-120.5
-118
-116
-114
-112
-110
-108.5
-106.5
-105
-103.5
-102
-100
-99
-97.5
-96
-94.5
-93.5
-92.5
-91.5
-90.5
-89.5
-89
-88.5
-87.5
-87
-87
-86.5
-86
-86
-86
-86
-86
-85.5
-86
-86
-86
-86
-86
-86
-86
-86
-86
-86
-86
-86
-86
-86
-86
-86
-86
-86
-86
-86
-86
-86.5
-86.5
-86.5
-87
-87
-87
-87.5
-87.5
-88
-88.5
-89
-89.5
-90
-90.5
-91.5
-92
-92.5
-93.5
-94.5
-95.5
-97
-98
-99
-100.5
-102
-103.5
-105
-106.5
-108.5
-110.5
-112.5
-115
-117.5
-120
-122
-124.5
-127.5
-130.5
-133.5
-137
-140
-143
-146
-149
-152.5
-155
-158
-161
-164.5
-168
-171
-175
-179
