0
0
0
0
0
0
0
0
0
0
0
0
0
0
0
0
0
0
0
0
0
0
0
9414
0
0
0
0
0
0
0
0
0
0
0
0
0
0
0
0
4434
0
0
0
0
0
0
0
0
4946.4
0
0
0
0
0
0
1255.2
0
0
0
0
0
2502
0
0
0
2483.4
0
0
0
0
0
0
1251
0
0
3725.4
0
0
0
0
0
0
3718.8
0
0
4321.2
0
0
0
0
0
0
0
6172.8
0
5519.4
0
0
0
0
0
0
0
0
7359
0
0
7377
0
0
0
0
0
0
0
5643.6
0
0
0
0
5592.6
0
0
0
0
0
0
0
0
0
0
0
0
0
11296.8
0
0
0
0
0
0
0
0
0
0
0
0
0
0
0
0
0
0
0
0
0
0
0
0
0
0
0
0
0
0
0
0
0
0
0
0
0
0
0
28565.4
0
0
0
0
0
0
0
0
0
0
0
0
0
0
0
0
9844.2
0
0
0
0
0
7341
0
0
0
0
0
0
0
2473.2
0
4897.8
0
0
0
0
0
0
4303.2
0
0
6152.4
0
0
0
0
0
1855.2
0
0
3725.4
0
0
0
0
2477.4
0
0
2479.2
0
0
0
1864.2
0
0
0
2502
0
0
0
0
2510.4
0
0
0
0
0
3124.8
0
0
0
0
0
0
0
0
0
0
0
7556.4
0
0
0
0
0
0
0
0
0
0
0
0
0
0
0
0
0
0
0
0
0
0
0
0
0
0
0
0
0
0
0
0
0
0
0
0
0
0
0
7575.6
0
0
0
0
0
0
0
0
0
0
0
0
0
0
0
0
0
6835.2
0
0
0
0
0
0
0
0
3120
0
0
0
0
0
0
0
3747
0
0
0
0
2489.4
0
0
0
0
0
2491.8
0
0
0
3728.4
0
0
0
0
0
0
3117
0
0
4331.4
0
0
0
0
0
0
0
3712.8
0
0
6223.8
0
0
0
0
0
0
0
5537.4
0
0
0
7468.8
0
0
0
0
0
0
0
0
0
6244.8
0
0
0
0
0
0
8656.2
0
0
0
0
0
0
0
0
0
0
0
0
0
0
0
0
0
0
0
0
0
0
0
0
0
0
0
0
0
0
0
0
0
0
0
0
0
0
0
0
0
0
0
0
0
0
0
0
0
0
0
0
0
0
0
0
0
0
0
0
0
13956.6
0
0
0
0
0
0
0
7474.8
0
0
0
0
0
0
0
0
4289.4
0
0
6122.4
0
0
0
0
0
0
0
0
4958.4
0
6712.8
