5.8
0.5
3.8
4
4
4
4.1
4.6
4.4
4.6
4.4
4.5
4.4
4.4
5.1
5.1
5.1
5.2
4.8
4.9
5.8
5.8
5.8
6.1
5.9
6.1
6.4
6.9
6.8
6.9
6.9
7.1
7.1
7.8
8
8.2
8.2
8.1
8.3
9.5
9.7
10
10.6
10.5
10.6
10.9
12.4
12.6
12.4
12.8
12.5
12.1
12
13.4
13.3
12.8
12.8
12.5
12.6
11.7
11.2
12.1
12.3
12
11.9
11.9
11.8
11.6
11.6
11.3
12.2
12.4
12.2
12.2
11.9
12.3
11.6
11.7
11.9
11.6
11.5
12.3
12.2
12.2
11.9
11.7
11.8
12
12.2
12.5
12.8
12.6
13.1
13.2
13.8
13.8
13.9
15.4
15.6
15.6
15.6
15.8
16.7
17.4
17
16.5
16.8
16.6
16.5
16.8
16.8
17
17.4
17.6
17.4
17.7
17.7
18.1
17.8
17
17.4
17.1
17
16.6
16.7
16.3
16.3
16
16
15.7
14.4
14.8
14
14
13.6
14
13.3
13.1
13
13
13.1
12.9
12.6
12.4
12.3
11.4
11.4
11.4
11
10.7
11
11
10.9
11.3
11.7
10.7
10.7
10.8
10.8
11.2
11
11.5
11.5
11.6
10.6
10.5
10.7
11.2
10.8
11.2
11.5
11.6
10.1
10.2
10.3
11
10.6
10.8
10.7
10.8
9.8
9.6
9.8
9.8
9.8
9.4
9.2
8.9
8.3
8.1
7.8
8.1
7.9
7.7
8.2
7.6
7.1
6.8
6.8
6.8
