-591.852
414.747
187.875
77.5989
26.0485
3.22326
-5.72929
-7.86747
-7.87603
-6.37155
-4.95259
-3.26968
-1.95944
-0.758939
0.937319
-1.23595
1.4814
3.03081
3.42781
3.98419
5.15875
5.33346
5.45046
5.83274
5.69295
5.93865
6.27369
6.80101
6.72256
6.83999
6.85374
7.06469
7.07377
7.7809
7.98659
8.19118
5.20696
7.16641
8.28462
9.85487
7.18035
9.53649
8.01856
10.2836
8.36423
11.0342
10.4822
10.0191
9.77791
7.40171
9.44988
10.2605
10.7948
12.5352
9.636
11.3017
12.2841
9.4069
11.7044
11.7396
8.58779
11.6078
12.6713
9.65782
11.6262
9.45916
8.66779
8.43553
11.6587
9.62049
9.9246
13.0332
10.9121
10.2036
9.75144
10.237
9.70879
9.99825
10.3755
7.2423
9.32925
11.1525
11.5082
11.6911
8.45871
10.3144
11.3068
11.8448
9.13914
11.4673
12.6137
12.7027
13.24
13.2724
13.7701
10.6758
12.7353
12.0789
14.6332
12.6153
12.0032
9.22623
12.4419
11.4022
13.7555
11.5896
14.5636
15.5534
15.9306
16.3749
16.3717
16.5099
16.8307
16.9525
16.6826
16.9229
16.8733
14.2444
15.9678
13.0687
15.8715
13.5938
15.9027
13.4843
12.9496
15.5204
13.695
12.7863
12.7253
12.5894
11.5275
12.1709
14.5805
12.7145
14.5462
15.6406
17.939
18.4066
14.9866
13.3563
15.6534
13.0205
11.6315
10.9894
10.7499
9.84534
9.89554
9.96227
12.6175
13.3095
10.6889
9.44795
8.90316
12.2092
10.624
8.83386
8.60042
11.7016
9.75531
12.3654
12.8646
13.3891
16.1299
13.8417
11.5938
13.8147
14.5786
14.8832
11.015
12.9259
13.6242
13.6379
8.87781
10.7155
14.4141
13.1556
11.7234
14.3527
11.883
10.8833
12.3896
9.94689
9.18127
11.8116
9.67619
11.3887
11.8367
8.54542
9.73893
10.1142
9.84421
9.95347
9.49315
9.03132
9.29502
8.49221
7.82338
7.38468
7.27219
7.18139
