811.561
-1970.25
-665.27
-76.7549
166.323
246.918
254.458
232.02
199.833
166.965
137.11
111.444
90.0183
72.4309
58.1363
50.6445
31.5153
20.6915
14.2712
10.2527
7.59496
5.74664
4.40591
3.40057
2.62821
2.02555
1.55004
1.17123
0.867262
0.622907
0.425837
0.265673
0.135565
0.0294964
-0.0580663
-0.131187
3.86587
-6.01572
-9.41412
-9.88012
-5.06976
-13.7376
-11.8247
-20.9777
-18.5376
-26.8119
-23.4392
-26.7943
-32.5066
-34.5336
-49.9906
-58.2266
-62.7515
-65.3412
-62.8408
-73.6614
-77.6818
-74.523
-83.9155
-86.3416
-81.6819
-89.7605
-91.0794
-24.8736
-92.8407
-89.4994
-93.271
-99.5116
-110.174
-106.434
-108.356
-116.41
-111.005
-111.807
-115.012
-118.858
-122.576
-125.872
-128.671
-126.934
-138.663
-143.557
-145.229
-84.8133
-141.002
-150.244
-152.99
-152.862
-147.541
-155.781
-157.574
-156.609
-154.637
-152.461
-150.421
-144.582
-152.914
-150.975
-160.229
-97.3584
-162.284
-164.809
-181.457
-186.983
-202.614
-205.618
-218.377
-222.713
-223.247
-222.207
-220.641
-219.021
-217.542
-216.267
-215.201
-214.325
-213.613
-208.98
-218.347
-217.273
-227.234
-225.509
-174.319
-231.512
-235.272
-245.367
-241.879
-244.356
-248.97
-253.978
-258.642
-262.701
-209.915
-263.15
-266.142
-261.79
-258.993
-246.05
-226.283
-216.812
-216.463
-204.691
-200.575
-199.933
-200.743
-141.734
-203.431
-204.698
-209.851
-204.993
-192.559
-189.384
-190.23
-196.657
-189.568
-188.828
-190.701
-197.488
-130.011
-193.703
-189.689
-183.171
-180.359
-164.205
-155.377
-154.418
-145.655
-134.644
-119.776
-119.958
-115.092
-108.693
-98.2615
-102.366
-104.882
-91.4037
-83.9234
-83.6472
-71.1733
-66.1141
-68.5839
-58.7113
-55.9364
-60.3349
-52.0553
-54.6376
-50.2572
-39.4713
-42.3068
-39.2574
-34.1582
-28.7481
-23.7538
-19.4244
-15.7921
-12.8011
-10.3648
-8.39332
-6.80386
-5.52445
