1.5708
-0.00785398
-0.00785398
-0.00785398
-0.00785398
-0.00785398
-0.00785398
-0.00785398
-0.00785398
-0.00785398
-0.00785398
-0.00785398
-0.00785398
-0.00785398
-0.00785398
0
0
0
0
0
0
0
0
0
0
0
0
0
0
0
0
0
0
0
0
0
0.00785398
0.00785398
0.00785398
0.00785398
0.015708
0.015708
0.0235619
0.0235619
0.0314159
0.0314159
0.0392699
0.0471239
0.0549779
0.0706858
0.0785398
0.0863938
0.0942478
0.102102
0.11781
0.125664
0.133518
0.149226
0.15708
0.164934
0.180642
0.188496
0.19635
0.212058
0.219911
0.235619
0.251327
0.267035
0.274889
0.290597
0.306305
0.314159
0.329867
0.345575
0.361283
0.376991
0.392699
0.408407
0.424115
0.447677
0.463385
0.479093
0.494801
0.510509
0.534071
0.549779
0.565487
0.581195
0.604757
0.620465
0.636173
0.65188
0.667588
0.683296
0.699004
0.722566
0.738274
0.761836
0.777544
0.801106
0.824668
0.856084
0.879646
0.911062
0.934624
0.96604
0.989602
1.01316
1.03673
1.06029
1.08385
1.10741
1.13097
1.15454
1.1781
1.20166
1.22522
1.25664
1.2802
1.31161
1.33518
1.36659
1.39015
1.42157
1.45299
1.47655
1.50796
1.53938
1.5708
1.60221
1.63363
1.66504
1.68861
1.72002
1.74358
1.76715
1.78285
1.79856
1.82212
1.84569
1.86139
1.88496
1.90852
1.93208
1.95564
1.9792
2.00277
2.02633
2.04204
2.05774
2.08131
2.10487
2.12843
2.14414
2.1677
2.19126
2.21482
2.23053
2.25409
2.2698
2.28551
2.30122
2.30907
2.32478
2.34049
2.34834
2.35619
2.36405
2.37976
2.38761
2.39546
2.40332
2.41903
2.42688
2.42688
2.43473
2.44259
2.44259
2.45044
2.4583
2.4583
2.46615
2.474
2.474
2.48186
2.48186
2.48186
2.48971
2.48971
2.48971
2.48971
2.48971
2.48971
2.48971
2.48971
2.48971
2.48971
2.48971
2.48971
2.48971
