0.0407
0.0006
0.1756
0.154
0.1546
0.1537
0.0529
0.0291
0.0678
0.1579
0.0515
0.0607
0.0556
0.0564
0.0554
0.1543
0.0518
0.0583
0.054
0.0542
0.0529
0.0535
0.0524
0.1513
0.0503
0.0649
0.0554
0.0528
0.0529
0.0521
0.0512
0.0526
0.0518
0.0577
0.0524
0.0543
0.1524
0.0471
0.0538
0.0504
0.0402
0.0547
0.0483
0.1674
0.0456
0.0499
0.0505
0.0486
0.0486
0.0495
0.0468
0.0476
0.0518
0.0497
0.0501
0.1497
0.0459
0.0657
0.0473
0.0477
0.0488
0.0457
0.05
0.0457
0.1567
0.0476
0.0469
0.0458
0.0502
0.0436
0.0462
0.0525
0.037
0.0471
0.1569
0.0428
0.0461
0.0452
0.0451
0.0505
0.0446
0.0367
0.045
0.0442
0.1415
0.041
0.0444
0.0448
0.0444
0.043
0.0427
0.1404
0.0393
0.0443
0.044
0.0433
0.0429
0.043
0.0417
0.0414
0.0458
0.043
0.1411
0.0381
0.042
0.0501
0.0403
0.0417
0.0422
0.0406
0.0428
0.1287
0.038
0.044
0.0406
0.0405
0.0424
0.0382
0.0408
0.0394
0.0396
0.1297
0.0358
0.0413
0.0422
0.0391
0.0401
0.0415
0.0404
0.0429
0.1328
0.0357
0.0452
0.0388
0.0389
0.0443
0.039
0.04
0.0454
0.0392
0.1234
0.0362
0.0404
0.0411
0.0395
0.0403
0.0405
0.0406
0.0422
0.0408
0.1219
0.0424
0.0473
0.0391
0.0452
0.0403
0.0405
0.0468
0.0423
0.0422
0.1146
0.0449
0.0429
0.0424
0.0436
0.0412
0.0424
0.0449
0.0435
0.0454
0.0439
0.1286
0.0405
0.0526
0.0455
0.0444
0.0459
0.0453
0.0442
0.1147
0.0425
0.0463
0.0457
0.0463
0.0468
0.0467
0.0475
0.0458
0.0472
0.0495
0.0475
0.1422
0.0554
0.0493
0.0478
0.0492
0.0482
0.0492
0.0467
0.05
