1138.9
-780.42
-357.887
-222.962
-210.683
-242.815
-276.893
-249.008
-149.263
2284.33
611.95
-120.782
-401.108
-462.428
-436.502
-391.453
-379.911
-326.922
-265.862
-207.554
2224.59
610.198
-89.1636
-362.401
-481.078
-476.702
-413.545
-336.31
-267.649
-212.529
-168.296
2257.81
637.915
-79.4569
-360.816
-432.983
-424.126
-426.997
-378.308
-313.788
-249.266
-191.07
-147.765
2259.35
578.335
-138.398
-400.91
-455.327
-420.905
-357.551
-292.167
-235.745
-191.83
-157.317
2263.92
631.646
-136.574
-429.742
-500.269
-467.948
-400.889
-333.165
-268.582
-211.645
-176.635
2190.1
562.514
-134.389
-385.85
-447.083
-419.409
-358.823
-294.344
-231.346
-195.031
-219.673
2186.86
579.047
-121.289
-388.555
-452.519
-428.678
-365.382
-302.44
-255.837
-263.715
-233.362
-190.668
2236.78
625.892
-73.5989
-348.408
-469.073
-463.336
-400.891
-328.45
-262.457
-212.203
-169.952
2252.2
634.577
-74.9262
-360.128
-490.382
-483.069
-418.021
-349.466
-286.321
-234.939
-186.762
2246.01
623.288
-137.058
-413.836
-469.35
-437.245
-373.184
-312.596
-246.168
-197.175
-160.053
-141.344
2215.43
581.405
-116.566
-380.086
-446.711
-424.555
-365.708
-304.587
-258.593
-273.143
2145.94
550.427
-138.881
-396.696
-452.747
-422.357
-363.631
-299.377
-252.527
-260.581
-227.258
-183.908
2239.88
620.624
-88.3695
-352.357
-421.744
-406.318
-371.748
-369.621
-324.77
-277.173
-229.912
2213.08
614.069
-86.1246
-353.424
-417.428
-400.247
-398.736
-354.344
-293.857
-236.181
-188.644
2240.74
620.467
-92.1187
-363.727
-431.709
-421.328
-430.479
-380.723
-318.89
-258.331
-207.578
2228.14
621.508
-85.7348
-412.285
-488.071
-449.159
-387.905
-317.158
-252.893
-200.886
-165.588
-133.899
2273.86
644.991
-76.722
-409.941
-501.863
-481.424
-411.325
-334.818
-269.92
-219.439
-173.127
