-1487.54
3741.96
1297.74
260.905
-281.381
-668.365
-1126.2
-1854.91
-2608.51
-6171.96
1513.66
3923.09
3975.06
3073.47
1861.54
816.099
-125.819
-1084.61
-1919.37
-2597.02
-6354.49
1117.44
3423.03
3603.67
2873.22
1707.84
487.495
-590.141
-1462.47
-2145.44
-2677.19
-6333.42
1222.82
3675.41
3828.34
2978.36
1977.36
963.933
-111.601
-1082.36
-1890.88
-2529.96
-3064.53
-6583.52
1060.41
3374.98
3368.46
2464.98
1324.3
238.52
-688.557
-1440.49
-2034.6
-2505.81
-6190.52
1454.26
3956.45
3988.35
3032.13
1782.25
576.888
-459.818
-1321.02
-2069.88
-2529.03
-6127.96
1279.02
3526.25
3512.38
2651.86
1536.93
456.516
-475.622
-1303.08
-1818.63
-2221.74
-5976.66
1393.68
3683.09
3719.17
2853.39
1728.58
620.237
-386.113
-1092.48
-1669.03
-2307
-2883.1
-6590.91
907.299
3252.42
3474.09
2780.2
1642.72
455.392
-586.028
-1436.31
-2101.18
-2629.62
-6285.02
1254.43
3629.4
3857.29
3144.88
1950.84
710.567
-369.131
-1267.34
-1991.76
-2582.86
-6351.06
1240.51
3715.11
3727.28
2790.94
1616.81
489.281
-472.87
-1287.92
-1914.61
-2462.5
-2773.58
-6273.37
1202.62
3496.79
3541.29
2701.27
1594.37
502.794
-500.438
-1210.13
-1782.71
-5685.13
1569.31
3774.97
3755.86
2859.86
1726.16
638.397
-365.923
-1065.71
-1634.65
-2269.54
-2832.68
-6520.12
995.772
3398.99
3511.07
2739.84
1641.02
683.103
-198.748
-1121.21
-1932.39
-2621.67
-6444.95
980.048
3356.18
3478.43
2638.65
1666.95
707.562
-293.357
-1200.46
-1951.35
-2545.46
-6254.85
1261.32
3665.71
3776.12
2914.29
1914.92
917.384
-167.333
-1139.88
-1953.61
-2603.37
-6365.36
1045.64
3505.84
3705.76
2801.64
1573.89
421.961
-585.764
-1407.36
-2052.39
-2546
-2945.9
-6493.31
1056.04
3591.06
3820.12
2941.5
1705.09
464.246
-606.907
-1470.61
-2152.92
-2762.38
