-2.99324
-0.00872665
0.0174533
0.226893
0.602139
1.12574
1.76278
2.35619
2.77507
-3.06305
-2.47837
-1.89368
-1.31772
-0.776672
-0.253073
0.287979
0.942478
1.56207
2.15548
2.72271
-2.99324
-2.42601
-1.88496
-1.3439
-0.689405
-0.0523599
0.541052
1.09956
1.64061
2.17293
2.69653
-3.07178
-2.55691
-2.03331
-1.50971
-1.00356
-0.488692
0.148353
0.759218
1.3439
1.90241
2.43473
2.95833
-2.76635
-2.06822
-1.41372
-0.794125
-0.20944
0.340339
0.863938
1.37008
1.8675
2.36492
2.86234
-2.93215
-2.41728
-1.77151
-1.13446
-0.514872
0.0698132
0.628319
1.1781
1.71042
2.22529
2.75762
-2.85361
-2.20784
-1.59698
-1.02974
-0.471239
0.0610865
0.567232
1.05592
1.51844
2.00713
2.64417
-3.01942
-2.43473
-1.85878
-1.29154
-0.741765
-0.20944
0.287979
0.776672
1.28282
1.91986
2.53073
3.11541
-2.59181
-2.03331
-1.50098
-0.968658
-0.322886
0.296706
0.872665
1.42244
1.95477
2.48709
3.01069
-2.74889
-2.23402
-1.72788
-1.20428
-0.549779
0.0698132
0.645772
1.213
1.77151
2.33001
2.87107
-2.88852
-2.34747
-1.68424
-1.06465
-0.488692
0.0610865
0.584685
1.10828
1.59698
2.08567
2.57436
3.08923
-2.53945
-1.91114
-1.32645
-0.759218
-0.200713
0.340339
0.855211
1.36136
1.88496
2.55691
-3.08051
-2.47837
-1.89368
-1.32645
-0.785398
-0.270526
0.226893
0.706858
1.20428
1.8326
2.42601
2.99324
-2.72271
-2.15548
-1.59698
-1.07338
-0.558505
-0.0523599
0.479966
1.13446
1.76278
2.3911
3.01069
-2.68781
-2.1293
-1.57952
-1.0472
-0.541052
-0.0436332
0.567232
1.16064
1.72788
2.27765
2.81871
-2.93215
-2.3911
-1.85005
-1.32645
-0.820305
-0.305433
0.349066
0.968658
1.5708
2.15548
2.73144
-2.99324
-2.45219
-1.91114
-1.23918
-0.610865
-0.0436332
0.514872
1.0472
1.56207
2.06822
2.58309
3.08923
-2.67035
-2.14675
-1.61443
-0.951204
-0.296706
0.331613
0.916298
1.4748
2.02458
2.57436
3.10669
