562.8
0
0
0
0
571.8
1106.4
554.4
0
573.6
552
557.4
558.6
561.6
0
568.8
561
561.6
559.2
562.8
558.6
559.2
0
567.6
557.4
555
560.4
561.6
564.6
567.6
564.6
562.8
557.4
561
561.6
0
571.8
555.6
561
562.8
562.2
564.6
0
568.8
549
555.6
560.4
561.6
562.8
565.2
571.2
567.6
563.4
562.8
0
568.2
555.6
555
558.6
558
569.4
565.2
565.8
0
568.8
550.8
556.2
555
560.4
563.4
559.8
568.2
567
0
574.2
556.2
557.4
558.6
559.2
561.6
562.8
559.2
564.6
0
577.2
560.4
560.4
561
560.4
558
0
571.8
557.4
559.8
564.6
562.8
566.4
565.8
566.4
563.4
557.4
0
568.8
558.6
558.6
567.6
561.6
564.6
562.2
561.6
0
565.8
553.8
560.4
562.8
564.6
575.4
561.6
565.8
566.4
0
574.2
556.8
555
557.4
562.2
565.2
564
564.6
0
573
555.6
555
556.2
559.2
560.4
561.6
564
565.2
0
577.2
559.2
561
561.6
562.8
559.2
560.4
563.4
564.6
0
569.4
556.8
561
556.8
556.8
561.6
559.8
561
563.4
0
573.6
560.4
562.2
563.4
565.8
560.4
562.8
559.8
559.2
561.6
0
571.8
555.6
559.8
557.4
563.4
562.8
561.6
0
563.4
549.6
559.8
557.4
560.4
564.6
567.6
568.8
564.6
564
564.6
0
567
554.4
559.8
559.2
563.4
564.6
565.8
564.6
0
