5.3
5.3
0.6
4.2
4.2
4.1
4.1
4.4
4.1
4.9
5
5
4.9
5
5
5.7
5.8
5.8
5.6
5.6
5.5
6.3
6.2
6
6
6.1
5.7
6
5.9
6.1
6.2
6.2
6.2
6.4
7
7.1
7.2
7.5
7.6
7.5
7.7
8.9
8.9
9.2
9.2
9.6
10
10
11.5
11.9
11.9
12
11.7
11.8
12.3
13.4
13.1
13.3
12.8
12.5
12.4
11.9
13
12.6
11.9
11.4
10.8
10
9.6
9.2
10
10.1
10.5
10.7
11.5
11.3
11.6
11.9
11.9
13.4
13.8
14.4
15.2
15.2
15.8
15.8
16.7
17.2
19.7
19.8
19.3
19.6
19.2
18.6
18.5
17.6
17.2
17
16.5
16.9
16.7
16.1
15.8
14.9
14.2
13.6
12.6
12
11.7
11.9
12.4
12.4
12.6
14.6
15.1
15.3
15.8
16
16.8
16.5
16.8
17.6
18.4
19.4
19.6
19.6
20.2
21.7
23.2
23.1
23.6
22.5
22.3
21.2
21.2
20.9
20.3
19.9
19.2
18.9
17.8
17.7
16.9
16.2
14.9
14.6
13.4
12.6
12.9
13.4
13.3
13.5
14.4
14.8
14.8
15
15.2
15.4
16.7
16
17
17.4
18.1
18.4
19.1
19.4
20.1
21
21.7
21.7
21.4
20.8
19.2
18.7
18.3
17.8
16.9
16.7
16.1
15.7
15.4
15
13.2
12.6
12.3
11.5
10.5
10.4
10.5
10.8
10.1
10.5
10.5
10.6
10.9
11.2
11.3
10.9
11.8
12.1
