-34047.4
-10614.6
33868.5
14631.8
5472.96
1262.44
-547.566
-1216.1
-1361.88
-1282.68
-1122.46
-945.665
-779.981
-635.079
-513.15
-411.863
-329.772
-263.418
-210.154
-167.193
-132.829
-104.409
-82.3904
-64.8833
-50.7113
-39.2708
-30.597
-23.0372
-17.3285
-12.4816
-8.66389
-5.68966
-3.30988
-1.20616
0.916824
2.23555
3.31042
4.3903
5.11454
385.991
124.771
-180.541
-96.2192
-51.6776
-27.8919
-14.2669
-6.18893
-1.49751
3.03049
5.49002
6.95627
-182.1
-50.6695
8.36102
32.779
41.3999
-148.929
-20.5542
-156.636
-6.24216
-134.427
-173.734
18.3899
-96.3763
-134.181
53.0688
-66.8349
-109.848
-117.404
80.0169
-37.3724
-82.0664
-92.6224
-88.7479
-78.7887
-68.5511
-58.3462
-49.3446
-41.9947
-34.4202
-29.0635
-214.688
-79.7429
-18.8454
-182.975
-43.2637
17.1724
-151.054
-13.4926
-148.542
-190.78
-0.440921
-115.315
-152.765
35.2583
-84.5616
-126.825
56.3577
-67.2176
78.0505
127.428
-56.9067
62.3264
-87.9058
47.6686
-94.2617
44.7191
-95.5932
-145.531
36.2638
104.711
-69.8338
54.4981
99.7069
-83.513
-151.452
-356.282
-407.775
-392.044
-352.256
-305.815
-261.066
-221.589
-187.888
-160.649
-138.577
-120.1
-104.188
-91.1036
-81.9085
-73.9587
-69.0919
-254.754
-121.121
-59.7649
-34.195
-25.7067
-24.6397
-27.068
-220.44
-93.623
-38.1829
-208.186
-72.8469
-207.834
-58.1236
-189.055
-40.2894
18.3566
34.8802
32.2725
-167.435
-47.1929
0.334219
13.8625
-177.44
-53.385
-3.55371
12.725
11.6447
196.398
57.6089
182.082
210.981
9.11264
-77.3854
81.7434
-54.8997
-108.396
66.404
-63.1966
-304.065
-188.074
-127.58
-285.962
-138.017
-260.965
-100.987
-32.5157
-7.1954
-1.68707
-195.063
-71.8357
-20.6907
-3.73336
-2.79658
-8.44204
-15.2755
-22.071
-28.042
156.103
21.0893
149.334
182.336
174.111
150.167
122.161
94.9196
262.407
111.788
