46240.7
-65786.9
-150260
-43123.4
4043.54
22506
27640.3
26930
23952.9
20366.8
16895.6
13817.6
11204.6
9038.93
7268.75
5833.79
4676.41
3745.8
2998.95
2400.3
1920.78
1536.88
1229.6
983.702
786.946
629.52
503.568
402.798
322.178
257.678
206.075
164.79
131.759
105.332
84.1871
67.2694
53.7332
42.9015
34.2341
-489.358
756.795
1437.86
863.096
546.831
365.59
256.481
187.135
140.627
107.905
83.9678
65.9369
310.399
-326.268
-548.371
-582.438
-537.886
-208.015
-758.682
-644.821
-1238.21
-1093.49
-1371.35
-2048.78
-1856.62
-2039.19
-2611.73
-2321.32
-2418.12
-2660.13
-3194.35
-2830.36
-2846.83
-3013.84
-3163.86
-3431.25
-3615.98
-3773.39
-3904.12
-4011.12
-4097.91
-4167.95
-3965.96
-4637.03
-4886.87
-4684.91
-5284.1
-5440.49
-5145.78
-5661.79
-5488.81
-5760.88
-6442.09
-6257.16
-6447.62
-7027.52
-6743.52
-6845.72
-7350.5
-7004.17
-7313.69
-7151.26
-6557.96
-6813.33
-6420.95
-6770.38
-6419.92
-6786.22
-6440.93
-6548.87
-7085.65
-7036.93
-6500.55
-6784.43
-6664.68
-6137.12
-6202.54
-6240.29
-6966.54
-7895.57
-8812.81
-9573.41
-10333.7
-10915.6
-11392
-11778.5
-12090.5
-12341.4
-12542.8
-12704.3
-12833.6
-12937.2
-13020.1
-12767.8
-13507
-13763.1
-13824.4
-13801.6
-13747.6
-13686.4
-13370.1
-13945.1
-14115.8
-13849.4
-14396.4
-14192.2
-14808.1
-14626.4
-15129.7
-15153.2
-14982.4
-14751.1
-14260.3
-14676.5
-14710.5
-14588.2
-14157.4
-14607.8
-14662.4
-14553.2
-14389.3
-14478.4
-13698
-13609.5
-13103.4
-12222.4
-11982.9
-12282.4
-11805.7
-11769.7
-12171.8
-11687.4
-11479.6
-12263.1
-12685.3
-12662.6
-13425.7
-13465.2
-14173
-14374
-14352.2
-14243.4
-13852.4
-14349.3
-14448.2
-14378.2
-14247.5
-14105.6
-13973.5
-13858.4
-13761.7
-13940.4
-13249.6
-13241.8
-12804.6
-12239.4
-11679.5
-11117.8
-10749.4
-10651.6
-9734.04
