89.5
89.5
0
0
0
0
0
0
0
0
0
0
0
0
0
0
0
0
0
0
0
0
0
0
0
0
0
0
0
0
0
0
0
0
0
0
0
0
0
-1
-1
-0.5
-0.5
-0.5
-0.5
-0.5
-0.5
-0.5
-0.5
-0.5
-0.5
0
0
0
0
0
0.5
0.5
1
1
1.5
2
2
2.5
3
3
3.5
4
4.5
4.5
5
5.5
6
6.5
7
7.5
8
8.5
9
9.5
10
11
11.5
12
13
13.5
14
15
15.5
16.5
17.5
18
19
20
20.5
21.5
22.5
23
24
24.5
25
26
26.5
27.5
28
29
29.5
30.5
31.5
32
32.5
33.5
34
34.5
35.5
36.5
38
39.5
41
42.5
44
45.5
47
48.5
50
51.5
53
54.5
56
57.5
59
60.5
62.5
64
65.5
67
68.5
70
71.5
73.5
75
76.5
78.5
80
82
83.5
85.5
87
88.5
90
91.5
93.5
95
96.5
98
100
101.5
103
104.5
106
107
108.5
109.5
110.5
112
113.5
114.5
116
117.5
118.5
120
122
123.5
125
127
128.5
130.5
132
133.5
135
136.5
138.5
140
141.5
143
144.5
146
147.5
149
150.5
151.5
153
154
155
156
157
158
159
159.5
160.5
