3.8
0.4
3.8
4.1
4.2
4.2
4.2
4.3
4.5
4.4
4.4
4.5
4.5
4.7
5.3
5.1
5.3
5.4
5.3
5.4
6.3
6.6
6.5
6.2
6.6
6.7
7.3
7.4
7.4
7.7
7.5
7.4
7.8
8.8
8.8
8.6
8.5
8.5
8.2
9.3
9.2
9.4
9
9
8.9
9
8.8
9.7
9.8
9.5
9
9.1
9.2
9.3
9.9
10.2
10.1
9.8
9.6
9.4
9.2
9.2
9.1
9.9
10.4
10.1
10.1
10.1
10.3
10.4
10.5
10.6
11
11.6
12.2
12
12
12.2
12.1
12.5
12.6
12.6
13.2
12.9
12.8
13.5
14.2
14.5
15
15.2
15.5
15.8
15.5
15.8
15.7
16.3
16
16.2
15.5
15.9
15.9
15.2
15.6
15.8
16
15.4
15.2
14.7
14.6
14.9
14.2
14.2
14.3
14
13.7
13.7
13.6
13.4
13.1
13
13.1
12.9
13
13
12.7
12.6
12.6
11.4
11.5
11.2
11
11
11.2
10.9
10.7
11.3
10.9
10.9
11.3
11.6
11.7
11.9
11.9
10.9
11.1
11.3
11.3
11.6
11.8
11.9
11.9
11.9
12
12
12.4
12.5
13.1
11.7
11.4
11.6
11.7
11.5
11.8
11.6
11.6
11.4
11.5
11.7
11.7
11.4
11.4
11.3
9.8
9.4
9.3
9.6
9.5
9.2
9.1
9.3
9.1
8.9
9
9.2
8.5
8.7
8.5
7.8
7.8
7.6
7.5
7.8
7.4
7.5
7.6
7.8
7.9
7.9
8.1
8
