-630.375
436.796
198.136
82.1784
27.9676
3.86634
-5.74095
-8.48986
-8.15018
-6.92933
-5.26804
-3.53666
-2.08033
-0.639307
0.991197
1.63449
2.51863
3.17103
3.51521
3.97172
5.15758
5.68692
5.77044
5.61732
6.13491
6.32937
7.00484
7.16522
7.21357
7.55262
7.38375
7.30865
7.72892
8.74501
8.75787
8.56821
8.47684
8.48364
8.18907
9.29376
9.19739
9.40028
9.00294
9.00494
8.90652
9.00813
8.8093
9.71022
9.81129
9.51202
9.01289
9.11344
9.21385
9.31451
-59.8111
-14.85
2.06138
12.613
13.1147
12.7668
15.4145
12.5743
14.2444
11.8801
14.1601
10.8383
9.47914
12.241
6.65396
8.00782
8.77212
9.23387
9.83877
10.5604
7.91606
10.0512
7.78323
7.38199
7.40759
11.5313
9.82116
12.5796
10.8882
13.1075
10.5979
13.7587
15.341
12.4833
15.1267
12.7746
12.1808
9.01941
11.1783
9.45791
12.3494
11.0453
13.6746
11.8431
10.6113
14.4529
12.5385
14.5743
16.0157
13.1547
15.5603
15.7711
15.7429
11.8216
13.8064
14.9046
11.0877
13.3175
14.2823
14.2145
13.8705
13.7203
13.4428
13.072
12.6211
12.3934
15.7078
13.1364
15.4689
12.7187
14.5518
11.7234
13.9244
13.3962
13.4895
9.59131
14.6379
13.0156
12.2892
11.4335
14.2019
12.2822
14.0201
14.5263
14.7295
14.5709
14.1534
13.8641
13.4353
12.0732
11.9741
15.2506
16.0885
12.9268
14.893
15.3924
15.2053
11.4822
13.4178
14.0125
14.4517
11.0441
13.6697
13.0255
12.8974
13.0185
12.9475
12.5565
12.6765
12.3192
12.1864
11.8767
8.56718
10.9795
11.9385
12.0005
12.0872
11.9551
10.3789
9.89247
9.71052
9.93886
9.77814
9.42786
9.28709
9.45385
9.22695
9.00556
9.08818
9.27413
8.56283
8.75405
8.5468
7.8409
7.83642
7.63261
7.52945
7.82716
7.42511
7.52335
7.62188
7.82098
7.92004
7.91919
8.11874
8.01816
