861.156
-2086.33
-712.023
-91.0999
166.376
252.724
261.985
239.483
206.525
172.68
141.863
115.336
93.1776
74.9808
60.1876
48.2334
38.6085
30.8771
24.6752
19.7037
15.7196
12.5283
9.97223
7.92411
6.28228
4.96643
3.91156
3.06485
2.38436
1.83769
1.39821
1.04385
0.758242
0.527707
0.340537
0.187713
0.0631888
-0.0385579
-0.122735
-0.192189
-0.249802
-0.298634
-0.339792
-0.374759
-0.40547
-0.432128
-0.455494
-0.476924
-0.496157
-0.513583
-0.529265
-0.543676
-0.557854
-0.571242
94.0981
-130.792
-210.993
-181.327
-233.641
-222.503
-215.911
-195.012
-187.267
-168.773
-164.615
-149.824
-144.535
-148.085
-133.524
-142.235
-147.109
-149.962
-151.722
-152.868
-149.148
-160.637
-100.399
-167.492
-177.014
-191.016
-188.627
-196.704
-191.377
-198.006
-191.97
-198.257
-196.57
-187.353
-192.83
-186.854
-189.17
-129.996
-207.082
-212.066
-228.523
-231.139
-244.741
-244.593
-251.236
-264.439
-262.162
-270.704
-209.875
-262.183
-268.332
-267.354
-263.623
-254.655
-261.274
-261.189
-253.921
-261.292
-201.312
-258.834
-255.276
-251.719
-248.519
-245.78
-243.501
-241.632
-244.623
-232.473
-232.267
-220.074
-221.09
-210.502
-213.116
-208.473
-201.391
-189.532
-198.242
-185.247
-177.146
-171.81
-172.624
-159.03
-157.817
-149.401
-138.945
-128.717
-119.604
-111.848
-105.409
-100.14
-95.8667
-96.926
-87.736
-70.8567
-69.3731
-61.9196
-52.8234
-39.4702
-42.5332
-39.5806
-34.516
-24.6037
-30.528
-29.9177
-26.7539
-22.8851
-19.1201
-15.7725
-12.9266
-10.5649
-8.63241
-7.06482
-1.29029
-11.1942
-14.1032
-13.9225
-12.5231
-10.7763
-9.06418
-7.53641
-6.23516
-5.15365
-4.26747
-3.54804
-2.96625
-2.49698
-2.11965
-1.81582
-1.57107
-1.37441
-1.21666
-1.08925
-0.986002
-0.902739
-0.834803
-0.779069
-0.73379
-0.696226
-0.664782
-0.638932
-0.617903
-0.599912
-0.584212
-0.571
-0.559109
-0.548214
