1.66679
0
0
0
0
0
0
0
0
0
0
0
0
0
0
0
0
0
0
0
0
0
0
0
0
0
0
0
0
0
0
0
0
0
0
0
0
0
0
0
0
0
0
0
0
0
0
0
0
0
0
0
0
0
0.18326
0.191986
0.20944
0.218166
0.235619
0.253073
0.261799
0.279253
0.287979
0.305433
0.314159
0.331613
0.349066
0.357792
0.383972
0.401426
0.418879
0.436332
0.453786
0.471239
0.497419
0.514872
0.541052
0.567232
0.593412
0.610865
0.637045
0.654498
0.680678
0.698132
0.724312
0.741765
0.759218
0.785398
0.802851
0.829031
0.855211
0.890118
0.916298
0.951204
0.977384
1.01229
1.03847
1.07338
1.10828
1.13446
1.16937
1.19555
1.22173
1.25664
1.28282
1.309
1.33518
1.37008
1.39626
1.42244
1.45735
1.48353
1.50971
1.53589
1.56207
1.58825
1.61443
1.64061
1.66679
1.69297
1.71042
1.7366
1.75406
1.78024
1.79769
1.82387
1.84132
1.85878
1.87623
1.90241
1.91114
1.92859
1.94604
1.9635
1.97222
1.98968
1.9984
2.00713
2.01586
2.02458
2.03331
2.04204
2.05076
2.05949
2.06822
2.06822
2.06822
2.07694
2.07694
2.07694
2.07694
2.08567
2.08567
2.08567
2.08567
2.0944
2.0944
2.0944
2.0944
2.0944
2.0944
2.0944
2.0944
2.0944
2.0944
2.0944
2.10312
2.10312
2.10312
2.10312
2.10312
2.10312
2.10312
2.10312
2.10312
2.10312
2.10312
2.10312
2.10312
2.10312
2.10312
2.10312
2.10312
2.10312
2.10312
2.10312
2.10312
2.10312
2.10312
2.10312
2.10312
2.10312
2.10312
2.10312
2.10312
2.10312
2.10312
2.10312
2.10312
2.10312
