4.4
4.2
0.3
3.4
4
4
4
4
4
4.4
4.6
4.4
4.3
4.2
4.4
5
5.1
5
5
4.9
5.2
5.6
6
6
5.8
5.8
5.8
6.5
6.7
7.2
6.9
6.9
7
6.9
7.8
8.2
8
8
8
8.2
8
9.4
9.6
9.4
9.8
9.7
9.4
9.6
10.7
10.7
10.6
10.4
10.6
10.8
10.5
11.8
11.8
11.4
11.4
11.6
11.6
11.4
11.5
11.5
12.2
12
11.8
11.7
11.6
11.2
11.4
11.4
11.4
12.3
12.2
12
12.1
11.9
11.7
11.3
11.6
11
11.2
11.3
11.2
11
11.1
11.7
11.6
12.2
12.4
12.3
12.5
13.1
12.9
12.5
13.6
14.9
14.2
14.5
14.7
14.5
14.5
14.2
14.6
15.1
15.3
15.1
15.1
15.1
15.8
15.2
15.6
16.1
16.3
16
16.3
15.9
15.6
14.6
13.5
14
14.4
13.8
13.9
14.1
13.8
13.4
13.8
13.7
13.6
13.1
13.1
11.8
11.7
11.4
11.7
11
11
10.8
11
10.9
10.5
9.8
9.6
9.6
9.2
9.5
9.3
9.4
9.3
9
9.6
8.8
8.8
9.1
9
9
9.1
9.2
9.5
8.7
8.5
8.7
8.8
8.6
8.5
8.8
9
8.1
8.2
7.9
8.2
8.2
8.3
8.5
8.2
8.5
7.3
7.6
7.5
7.7
7.6
7.5
7.4
7.6
6.8
6.7
6.8
6.6
6.4
6.7
6.2
6.6
6.3
5.7
5.3
5.4
5.4
5.4
