-613.174
-390.901
554.687
268.62
127.031
57.8523
24.7954
9.49295
2.8226
0.672448
0.225105
0.20367
0.594792
1.06217
1.80301
2.87922
3.38199
3.61517
3.88753
4.00804
4.48581
5.02875
5.54382
5.63593
5.5097
5.56911
5.61653
6.35446
6.58487
10.4298
7.86469
6.86293
6.56676
6.35278
3.9425
6.68595
4.25572
7.01992
8.22464
5.56514
4.44651
9.11642
7.33364
6.52928
3.61615
6.05206
7.09343
8.02257
6.21396
8.74199
6.49075
9.08444
10.4956
7.83229
9.92713
12.2045
12.5176
12.1333
12.0288
12.0864
11.9432
8.29394
10.5681
11.4937
9.20674
11.3549
8.80094
7.98267
7.89024
7.78773
8.37114
5.43064
8.0555
10.2635
7.49333
9.90046
7.85661
7.10736
7.0512
3.73733
6.79327
4.34037
7.6301
9.20737
6.47164
8.85546
10.0875
7.80576
10.1078
8.38199
11.1985
8.82945
11.6343
13.2473
10.0019
11.839
10.4638
14.2528
11.1773
13.9949
11.8166
7.47853
9.65146
10.5506
14.9607
13.5929
13.0416
12.6121
12.6142
12.7088
13.5308
9.73174
12.5249
14.1348
14.8203
14.7076
11.7365
13.6107
10.9741
12.6279
12.6317
16.8257
14.9848
19.9155
18.2201
17.1542
19.2471
15.8632
18.028
14.8145
13.2422
12.0733
11.7929
10.3957
13.602
11.0375
13.6724
13.633
13.5574
12.9952
16.0745
13.2616
11.4637
10.0318
12.7595
10.2574
12.0343
9.56439
11.4935
12.1887
8.69021
10.3355
8.22237
9.71857
7.18739
9.87983
10.6213
7.43813
9.66462
10.5211
10.9542
10.0243
12.9227
10.6012
12.7853
9.70194
11.6208
9.09783
11.4212
11.1302
7.85192
9.51801
10.444
10.4717
10.3572
10.267
6.35543
8.67739
8.26994
8.79114
8.66197
8.73522
8.48241
8.2344
8.00277
8.09116
7.19836
7.02266
7.06103
6.81148
6.57138
6.83936
6.31342
6.69281
6.37634
5.76283
5.35215
5.44332
5.43641
5.43061
