838.613
-918.121
-3120.81
-1394.25
-564.196
-175.76
-2.81392
66.6397
87.7493
87.4097
78.5232
67.1051
55.8143
45.7028
37.0732
29.8976
24.0195
19.2464
15.3919
12.2893
9.79607
7.79413
6.1882
4.90027
3.86661
3.03731
2.37169
1.83639
1.40502
-3.45103
7.19212
10.6931
10.9855
9.96438
13.0277
0.632305
0.0766768
-12.4729
-16.2911
-11.7269
-16.543
-29.14
-26.8069
-31.0115
-32.9032
-50.4666
-60.2673
-65.9839
-64.9872
-78.1904
-78.9704
-91.4883
-95.1748
-90.4532
-99.6256
-101.164
-99.4948
-37.0837
-93.7605
-91.0393
-88.6836
-82.2018
-91.5032
-93.9126
-88.8166
-98.0132
-95.2238
-100.195
-107.775
-115.641
-122.836
-124.535
-140.651
-148.647
-148.088
-160.948
-161.105
-107.809
-177.918
-182.794
-202.128
-208.528
-225.899
-233.646
-232.26
-244.145
-247.874
-243.46
-253.015
-250.417
-260.004
-256.722
-265.405
-265.73
-258.17
-264.998
-260.113
-267.818
-263.004
-270.447
-204.633
-263.318
-279.645
-289.372
-299.995
-293.131
-292.233
-293.811
-296.223
-238.282
-301.016
-298.482
-311.055
-316.138
-317.717
-317.736
-312.621
-322.747
-261.293
-331.858
-334.104
-337.258
-323.674
-326.046
-305.502
-290.122
-282.853
-262.771
-256.355
-239.263
-231.884
-169.186
-228.495
-228.775
-233.899
-223.663
-225.091
-218.766
-209.97
-201.066
-197.516
-179.677
-170.182
-164.973
-166.507
-153.799
-153.449
-141.292
-142.412
-136.453
-64.311
-126.402
-118.147
-123.137
-116.141
-121.834
-119.757
-110.27
-115.55
-113.932
-109.716
-104.882
-104.792
-89.8226
-87.1824
-72.9516
-72.2914
-60.34
-61.851
-56.3191
-44.0138
-47.0131
-43.5579
-37.8654
-31.8454
-26.2958
-16.9796
-23.8722
-24.2822
-22.0574
-19.0003
-15.9151
-13.1263
-10.7332
-8.73698
-7.09812
-5.76537
-4.68735
-3.8183
-3.11875
-2.55623
-2.10378
-1.73988
-1.4468
-1.20964
-1.01784
-0.862368
-0.736254
-0.633501
-0.549644
