1.62316
2.15538
0.5235
0.5235
0.5235
0.5235
0.5235
0.5235
0.5235
0.5235
0.5235
0.5235
0.5235
0.5235
0.5235
0.5235
0.5235
0.5235
0.5235
0.5235
0.5235
0.5235
0.5235
0.5235
0.5235
0.5235
0.5235
0.5235
0.5235
0.514773
0.514773
0.514773
0.514773
0.514773
0.5235
0.5235
0.532227
0.532227
0.532227
0.540953
0.54968
0.54968
0.558407
0.567133
0.584587
0.593313
0.60204
0.610766
0.62822
0.636946
0.6544
0.663126
0.671853
0.689306
0.698033
0.70676
0.715486
0.724213
0.73294
0.741666
0.750393
0.767846
0.776573
0.785299
0.802753
0.811479
0.828933
0.846386
0.863839
0.881292
0.898746
0.924926
0.942379
0.959832
0.986012
1.00347
1.02965
1.05583
1.08201
1.11691
1.14309
1.178
1.20418
1.23036
1.26526
1.29144
1.31762
1.35253
1.37871
1.41362
1.4398
1.4747
1.50088
1.52706
1.56197
1.58815
1.62306
1.64924
1.68414
1.71032
1.74523
1.78886
1.82377
1.85868
1.88486
1.91976
1.95467
1.98958
2.02448
2.05939
2.0943
2.13793
2.17284
2.20774
2.24265
2.27756
2.32119
2.3561
2.39973
2.43464
2.46954
2.49572
2.53063
2.54808
2.57426
2.60044
2.6179
2.64408
2.66153
2.68771
2.71389
2.74007
2.76625
2.79243
2.80988
2.83606
2.85351
2.87097
2.88842
2.90587
2.9146
2.93205
2.94951
2.96696
2.97569
2.99314
3.00187
3.01932
3.02805
3.03677
3.05423
3.06295
3.08041
3.08913
3.10659
3.11531
3.12404
3.14149
3.15022
3.15895
3.16767
3.1764
3.1764
3.18513
3.18513
3.19385
3.19385
3.20258
3.20258
3.20258
3.21131
3.21131
3.21131
3.21131
3.21131
3.21131
3.22003
3.22003
3.22003
3.22003
3.22003
3.22003
3.22003
3.22003
3.22003
3.22003
3.22003
3.22003
3.22003
3.22003
3.22003
3.22003
3.22003
3.22003
3.22003
3.22003
3.22003
3.22003
3.22003
3.22003
